9380952572 0106548586 3278865936 1533818279 6823030195 
2035301852 9689957736 2259941389 1249721775 2834791315 
1557485724 2454150695 9508295331 1686172785 5889075098 
3817546374 6493931925 5060400927 7016711390 0984882401 
2858361603 5637076601 0471018194 2955596198 9467678374 
4944825537 9774726847 1040475346 4620804668 4259069491 
2933136770 2898915210 4752162056 9660240580 3815019351 
1253382430 0355876402 4749647326 3914199272 6042699227 
9678235478 1636009341 7216412199 2458631503 0286182974 
5557067498 3850549458 8586926995 6909272107 9750930295 
5321165344 9872027559 6023648066 5499119881 8347977535 
6636980742 6542527862 5518184175 7467289097 7772793800 
0816470600 1614524919 2173217214 7723501414 4197356854 
8161361157 3525521334 7574184946 8438523323 9073941433 
3454776241 6862518983 5694855620 9921922218 4272550254 
2568876717 9049460165 3466804988 6272327917 8608578438 
3827967976 6814541009 5388378636 0950680064 2251252051 
1739298489 6084128488 6269456042 4196528502 2210661186 
3067442786 2203919494 5047123713 7869609563 6437191728 
7467764657 5739624138 9086583264 5995813390 4780275900 
