8566722796 6198857827 9484885583 4397518744 5455129656 
3443480396 6420557982 9368043522 0277098429 4232533022 
5763418070 3947699415 9791594530 0697521482 9336655566 
1567873640 0536665641 6547321704 3903521329 5435291694 
1459904160 8753201868 3793702348 8868947915 1071637852 
9023452924 4077365949 5630510074 2108714261 3497459561 
5138498713 7570471017 8795731042 2969066670 2144986374 
6459528082 4369445789 7723300487 6476524133 9075920434 
0196340391 1473202338 0715095222 0106825634 2747164602 
4335440051 5212669324 9341967397 7041595683 7535551667 
3027390074 9729736354 9645332888 6984406119 6496162773 
4495182736 9558822075 7355176651 5898551909 8666539354 
9481068873 2068599075 4079234240 2300925900 7017319603 
6225475647 8940647548 3466477604 1146323390 5651343306 
8449539790 7090302346 0461470961 6968868850 1408347040 
5460742958 6991382966 8246818571 0318879065 2870366508 
3243197440 4771855678 9348230894 3106828702 7228097362 
4809399627 0607472645 5399253994 4280811373 6943388729 
4063079261 5959954626 2462970706 2594845569 0347119729 
9640908941 8059534393 2512362355 0813494900 4364278527 
