6412600243 7968454377 7339026472 5128194163 2007684873 
6251764065 9675406936 2175887930 7855916478 7772747392 
7200291034 2949562447 6613082007 2925073452 9170764226 
6210476730 3786316995 4237455117 4565220227 8332409680 
3524667663 1908610112 0674585628 7317413511 1622920788 
6513294124 4815471628 1820798771 6834634132 2362234117 
7882310276 5982510935 8892359162 0551087632 9808799316 
5172528938 0012378174 3489683215 1590562493 3473702068 
3223210011 8637395770 5674738671 0217321237 5224325241 
6263580343 7625360680 8669163571 5945515278 1780392177 
4322823436 6337728111 8639051189 3075901666 6507429527 
5838400854 4635419317 1905313636 5972490515 8409106582 
2018147347 9902235906 7138146905 1160519223 0126948231 
6113417439 9447148330 4086248426 9139502336 7134124251 
2386402665 7258130943 9676219396 5540738652 4229897879 
7821986379 1829970955 7924747320 3032391164 1044590690 
7977862315 5183495930 3530592378 9817515891 4576504080 
2510947912 3421758482 8418819501 3854616568 0301755035 
5800549448 9488487135 1605375593 4023457489 7951660244 
2338321406 0300959371 0558845705 2515704266 2846003544 
