0282367876 8550982678 1617655203 7579565548 1677896038 
9274983556 0879154117 7749423573 4007641610 9329400389 
9982199267 2570869573 2606877497 4224802023 3075251876 
5025596842 0760693229 9885875798 9889646074 4381788170 
0815488952 2651672283 4045277219 1069914157 6463948523 
1126794730 8658031950 7645519767 5628957428 8817968120 
9002638714 5257858315 2776151090 8863174024 3695680567 
8730152354 2780479341 4266495223 8337071175 1126537550 
3942372098 7846680491 3947344653 0714079622 5972871305 
0307725871 4875570502 5825734668 6661380235 1426056116 
1974055434 3654869800 5444879295 9702875903 5225840978 
2683598666 4465860456 9424139072 9095266249 9329029734 
4056816068 3805726626 0572770884 0707347149 6060064561 
4540707344 3278251408 7474275506 7223048453 5700609221 
4390002992 9816082117 1704791761 4505191008 1326703752 
1493074056 7853311106 0583529127 8100739174 9949197845 
1129159136 8110739405 5175208019 6305393507 4024850955 
3772500367 0546651623 3043042508 7442324262 4046321150 
7899733692 9985407041 6562610419 7670020241 5094892411 
8560924096 3760442961 2002364590 7064497706 2720791901 
