9235964807 0489236369 7986019828 3087284228 5647523531 
6288279132 4295524814 4475055219 0967204608 0689545181 
7122049303 2185374062 7247421519 7403057690 4360268636 
0780792004 7762324295 5182947352 2027244376 3390277213 
9208776706 5716241639 7517858592 5442692342 8535274328 
8563368507 8965196207 2519416556 0618703705 5021846284 
5434257850 3830000953 7451829295 8440464918 8386857934 
8396115129 7160581665 7450967036 7749583666 6693121881 
7636796449 4361713041 6037243050 6584851317 4926405585 
5194018005 1809084752 1186822461 6976149243 2383194864 
3441590855 8011073070 3112015022 4341607315 7929528752 
9368358203 9700338911 2114170685 2193665897 8945950315 
4389589015 3038271430 0192958907 4149943592 8940830970 
7707836287 5914484037 0450386189 6697581120 1852319231 
8686599680 3858381237 0329156207 5788359487 8094168820 
5531605128 1901526475 9280757495 8154564221 3414593781 
6705699286 8299895611 9823538371 5788048047 8704584175 
3946654976 9017322031 0890070303 3629117673 0844845037 
2145669644 4014695451 7385743415 7810158618 7838392785 
5260939913 0570255575 5590609470 5149809348 7773320072 
