7975730382 4598946680 9680822221 3484858738 2299928179 
4090825665 2095816554 7247524456 6743697594 4746863763 
3242890426 9776106791 9339109833 0042231029 3728298798 
9032093910 9268283630 6173610173 8781236798 9864514931 
1702437128 2858826304 8629888449 2207415640 6071470591 
3740552466 5756971870 2173552872 4543942771 4809179364 
4376506378 6186132434 8635797411 2585208634 5992780368 
8792498354 3632984576 8765016506 5115345008 6957212395 
0754478568 3173631557 1535270465 2423525973 7513408825 
4616096614 4074667551 4226836031 9598010721 5246355106 
9171871335 7316854856 3128085783 4435623670 9596509499 
4696882066 1185118086 0342028213 3180124941 0991502601 
4354500174 3273079362 5113070298 2504994179 9428445114 
6479329154 5995559095 8780762163 6668591791 0654359660 
6525352532 0273650725 9891212556 8684280207 7246487722 
0109966318 2955955290 3393312284 3648644759 7356085984 
0760947298 3895424339 3262315323 9918981852 2641808312 
9633354635 6874828863 4656185048 1063228880 5596737844 
5620009414 6560349928 0879405115 3100575871 2955257196 
4111506850 3407737106 0438037125 9575596985 9493620584 
