7751202635 4947347534 7481892622 5419035267 1614429284 
8998575367 4069216527 1630086060 6543737368 2355658862 
6486343689 1532180955 7220445677 7137368310 4580755845 
2961283283 2606319629 7285279666 7436297480 0821318627 
9218690442 8434263073 5760703999 6694307895 0814726973 
0253817375 6949227517 9535432615 6912040594 8328609499 
9236641228 7881226419 1485048563 2807206641 8557059520 
3750303229 1689448942 7578306090 9108524106 0140068327 
4205583969 7738231507 3499610875 8763704255 5649640868 
5507194225 6344966732 4306562592 5047458176 2733281816 
0170196981 6654242637 8763601453 0359465384 5032547667 
4999737340 8356651381 8602515652 0283637389 1710165454 
1488267444 8009105704 1861626268 3797112088 6141357279 
6110990882 9297022969 2128180978 7989513915 0427093678 
6444983196 4201345668 3390877594 3006442485 6230121246 
1451169792 1939634409 5080832292 8129427043 6599146482 
7499843759 4211302041 8297308417 1788130903 7955854560 
3247170819 1953027714 6579455547 5544754284 4344081393 
8890860977 6017857389 3075186619 0650501807 7165001840 
7443258540 2418436050 1118242990 7023234172 4367452536 
