5349594799 0633345407 5437181269 9399833719 2184854187 
3597984534 8934592268 5150681826 6249007802 9335012658 
8249742262 4188535252 6636702827 6624993498 2948874833 
1061764208 4290169230 5289960897 8604130065 1090281798 
0504058710 7671179041 1302174827 9668235300 1960220253 
1855767898 4331758680 6378359968 7916015389 2222023657 
5765581586 6114091993 9486159920 9159917553 3417830333 
4764313163 5012705390 6970793265 6781241590 6434284721 
3602352182 3674121473 3124499944 3341559152 7431593168 
7477882533 1550927703 3620290122 2597794809 8553922000 
6452716228 0855398278 9065842334 4755282127 6517650572 
6632676911 4107503484 5871896996 4348757751 3847914818 
3635100621 4668185850 9634888708 1456976722 0201679911 
9946241777 6688907917 1368659459 6072646853 8810778783 
0021613682 7669702622 3459418737 4767335379 9888440342 
7046803042 5516941271 5873932039 8444374604 5478161130 
5662517641 2759821181 9396611018 5056288055 5942566060 
0323121161 8099462212 9301002470 9133471506 8226843045 
8680300904 2428616820 2556214094 6087900065 1910994955 
7081581650 5828983340 7394660844 5756578063 6690272843 
