4620185873 2825292479 6505286681 4085035385 1983752363 
7451925622 7954902905 5790703028 3950104854 8359298345 
4281448730 4358047053 3150815105 0300152142 8117175393 
6491331661 7262123540 5527863308 0020831770 5563029496 
3594201654 3330940941 7719632623 4119387105 1615701017 
9805355167 9370860291 3667569860 9712412036 8583812957 
6953077981 4136570017 4761356966 9861460684 9143969957 
3837631695 8246025133 4210807262 1713601943 0180872098 
8855141502 4163818325 9752595931 6553186583 3117126857 
9415272066 1221842266 1411825154 6574848783 1261034783 
4546749258 3087299854 4742120644 5095233245 0508774314 
9616655525 1797168020 9917200264 0937492190 7569936896 
3302813916 4720896358 1771735555 8485927065 2450486251 
6419540550 8013435103 2338981337 8302497701 8227549063 
8149996472 3334079613 0414697394 7637265086 9273347108 
4156856084 3092131624 0434629863 9208416600 5590459850 
6491243505 2647660676 0034444161 8186403670 0837741141 
0109432058 8955598658 6700778636 7189694408 9622321374 
0341135971 9913313594 6553685446 6923676525 8901210841 
3777432482 1918127478 4789228726 4892970032 3718734561 
