5798159983 4839100412 6010507469 6459943033 1978810634 
9139238124 9050306143 3407918328 0040639070 9867259619 
7098311265 9601474737 2533052685 3717742146 5540058739 
2462372761 7364905198 7133680677 2395257078 1360686683 
2613950143 2950947485 1594724667 5272016843 1658660880 
7512768584 7555411843 8116901162 2005552113 4844889606 
6825922743 1319007963 0115870846 7011765493 5393046563 
3562253112 4472779666 9005831190 6161019726 6307397054 
2531439818 4573794494 8678013461 8217875939 0769996020 
2908396567 7287846905 7364015640 1504769644 8993947541 
4746083399 1869688927 1156942345 4926512466 4550779255 
4028105037 6220359675 3055860185 6492056062 8790907694 
5333920880 8849477828 8948511221 5474323019 1383245562 
9938810206 1449026687 6010207753 2109156849 7783074085 
9649857967 1526170100 3947549453 9917698791 3235465501 
0640735581 6999409756 2481499674 4327842920 2762644189 
7939181583 9456270817 3301582160 2255196598 9876937616 
4019861207 4667550488 6111085572 6764507052 6224461302 
2233585207 2273620485 0572892388 1588493875 4535229186 
3997143808 8406175728 6220950122 5065158631 0425888413 
