4355431973 7298562177 5307202262 9475552483 0444453404 
3488887858 1170341345 3425223543 1940787797 2846760181 
5832270977 4518092934 2193189815 8124828326 5895004070 
4855206099 8937839003 4191416304 4639163880 5496587865 
0137504634 1695655156 6182988786 3070584230 6967660254 
0530248114 7100789978 4211830489 0104640568 9653970288 
5595530925 5586360521 5895737511 4089564905 8441567749 
3710585964 8014315874 6144912505 4925319116 4653821585 
1973700932 8019453032 0572628452 6580460463 3781663142 
9933076646 6465307605 9054896288 8724189716 0602258826 
1757753992 2055131509 3772006248 6308556282 0493575752 
7249955670 8922163423 3983602565 3287310291 9400704117 
6919220850 0151167356 7010195897 1001797019 5781208929 
1096941775 4369904368 2025630240 5482262540 1905696507 
7105815742 4072149633 9560365270 2833344073 0575007367 
4562260584 6498861151 0168961218 1119058471 7144610687 
1976101745 6587373796 7406971374 2323875383 9030317200 
2002072059 2848878512 3911746471 6737437379 2328388196 
6201687622 1913462338 9376259952 7025672138 6221124589 
8021213050 1407288904 3003225355 0409586681 8724139369 
