9381930691 4874471718 6646183111 9426031616 6407037731 
6487001864 7996002430 4400324224 1809402278 5333090115 
0988087067 8268835317 2007675225 5313800881 8780431690 
1900728048 3179928741 4125476123 0896068330 9582837766 
7688287578 6886830929 7600101197 4533898331 9525886196 
3013291709 4385816615 3741717944 9631917715 4312506959 
8534812856 8461937766 9894277459 1709188025 2001274990 
5559407289 6965947933 3167224362 1567896776 9667080352 
2903901848 5730806275 6708676586 2710476940 9203565593 
0253527434 1896592700 2227049233 1868299915 6093641375 
7004988537 3045963961 5273462939 6974951748 0626964517 
9301871998 6788537581 4159757993 1480660855 7232568374 
3052827641 7567005028 8040489429 8995809481 0353483393 
4144927885 9252621924 1554723199 7143385086 6373209266 
3272824351 4933640704 5896838523 4562474436 1175256766 
9877675972 2343920635 7507471552 9181027626 1401299248 
0422883990 2978799254 1851749912 9630283990 7296355885 
7989059331 7795908769 0739056460 2562353356 7221552259 
4688382984 5288292296 6275137162 4221729546 7867071584 
0924184084 1475575825 3938524096 3302051349 7047406953 
