1383159125 6898929519 6427287573 9469142725 3436694153 
2361004537 3048819855 1706594121 7352462589 5487301676 
0029886592 5786628561 2496655235 3382942878 5425340483 
0833070165 3722856355 9152534784 4598183134 1129001999 
2059813522 0511733658 5640782648 4942764411 3763938669 
2480311836 4453698589 1754426473 9988228462 1844900877 
7697763127 9572267265 5562596282 5427653183 0013407092 
2334365779 1601280931 7940171859 8599933849 2354956400 
5709955856 1134980252 4990669842 3301735035 8044081168 
5526531170 9957089942 7328709258 4878944364 6005041089 
2266917835 2587078595 1298344172 9535195378 8553457374 
2608590290 8176515578 0390594640 8735061232 2611200937 
3108048548 5263572282 5768203416 0504846627 7504500312 
6200800799 8049254853 4694146977 5164932709 5049346393 
8243222718 8515974054 7021482897 1117779237 6122578873 
4771881968 2546298126 8685817050 7402725502 6332904497 
6277894423 6216741191 8626943965 0671515779 5867564823 
9939176042 6017633870 4549901761 4364120469 2182370764 
8878341968 9686118155 8158736062 9386038101 7121585527 
2668300823 8340465647 5880405138 0801633638 8742163714 
