9956789798 1727860920 4622868397 3577981511 1868152659 
8846069497 5896548131 4651150392 6263777495 1376155724 
8195116119 8772503445 6471073851 3435927355 5387124623 
7559819381 3214238441 5819290700 4638977168 3887207916 
3617414324 9707910965 8162746429 7170728717 2514274589 
8356897095 5346268201 6908535610 8944898407 1005819203 
0217694512 0771774588 7955195104 7338418473 9980796306 
7678858451 6757572990 4306971542 6423834980 0987086993 
3670912108 3944535062 4592243231 2348278549 6603746571 
8801489293 7945147870 5406079245 7590060121 9622123928 
7200172155 8866634573 4971409533 7211516559 8575794172 
4419889026 1670161016 1155783431 5025460328 7811984240 
2748460851 0722406676 7787608552 4761777383 3089502610 
0643883505 5020545632 4346167859 4519417956 6987496851 
5244883847 5136181806 6710831616 5564209369 2705206118 
9851729261 7141714434 6555087063 0606355101 2949400309 
7591677991 5842604919 7120954322 7026784326 5429657240 
3272088714 3219996453 1320258710 9677165128 5496699625 
5269860731 1763718207 4988273997 7060199136 2093083230 
7368382064 5573256376 5982912578 1314922242 2042797124 
