1441629951 2659456397 9275938038 3804782623 1604243253 
9913285112 3032247037 5619423217 3304785407 8576244013 
2917179929 7924078339 0715757981 4268168646 5538294684 
7399205888 6316559349 1986789696 2840447344 9680240770 
9283137640 8103352255 2427174041 0767356542 4441004483 
3474401017 2644105295 4787296345 8986405012 0360802445 
1190350994 9744939736 1718157527 7093780209 2366681358 
4163626831 9263406714 1827974213 4254622070 5415600050 
9596740456 1684045177 1747952790 3532549325 8912048338 
5746590096 7817304160 0052108893 4610768754 0042419778 
0308288518 1200173369 5591271377 1419501136 1304409753 
2791905048 9158324639 9143483531 6486815485 7917863293 
5123925552 5102111827 8857369606 0276931301 4696614334 
4964230211 4382483705 6335327938 5889526767 2076688971 
2744358156 3208810665 0149568143 5587965769 0985776590 
2768707453 6592763649 7555344961 7308078160 9871032480 
1379513617 0367763457 5949756862 0801399637 4551762425 
1477806287 2226597145 5482906769 2957136435 7215267446 
8987889418 8207512922 2575650914 3552828874 6141950978 
6242752788 1571566400 7637210378 0319404309 5844272549 
