2699871692 3433189002 2141503113 9987652606 8876156674 
0210197201 7196023908 6108297492 7639569541 1530322754 
6017387079 5625993579 7853024434 7671639959 1462317931 
2399899869 2843797570 2492369551 5872976838 5400522765 
1495614447 1059719628 8988815710 9415171701 5181147435 
1364385400 5116246202 1311748007 9198374970 0100471363 
4325232815 7891135545 0453371905 2750682291 5618500332 
8469567926 2262081904 4247334036 2503892792 0715859600 
3936315336 8842724375 3667996986 4793474113 3198328619 
4414606539 2278409990 3143840354 5650470567 8955202482 
7176011874 3356436902 4350308563 1309559055 2503904927 
3161331173 4922584644 6090245350 7919018441 1299321699 
7704518328 5358648042 8556822208 7372136164 9058630325 
6368913084 1037602156 7992702000 5322355439 8046531193 
3977545904 4045078568 0213984650 0969342954 7310269249 
9475864660 5809166998 4160684646 0872939438 0827430828 
5817479694 1728729903 1101319267 5573897984 0913642534 
7969494348 0377703364 6349584768 6298259010 3470727861 
2186230019 8660798778 2684245933 8356389195 7020685352 
1603211635 2300649887 4460020017 0413056985 3651546687 
