5202385937 5183280372 8511432748 1169968369 2849220447 
3805706334 9661871124 0947835915 8696268586 4358914135 
9854253577 6887749327 4363451475 4488640868 8180303696 
5243175568 8300205860 7732569597 1608648541 5834468432 
4899630770 1137134467 5156930244 8854820771 2413355773 
2306949458 0672678452 3594363150 7872728157 9015730700 
3317879685 4436279525 7190236232 7461426286 8732738009 
4977411228 5623766321 4904653294 0720261975 3907174042 
2259539242 8881645597 9657003095 7141389106 9368450362 
6823105398 6743753240 0527015347 4589332567 9514941854 
5378088270 6345729596 2169085383 5353703814 1811557381 
6378209032 5615198697 4535764641 2125498076 0051561417 
0729804699 4813593483 1505681166 4279321933 5279822714 
7157673401 8608872151 8799669350 2527007575 5609971988 
2863064285 4481282751 3928069470 2750148163 2897273143 
4734852852 9504604883 2716739789 8156367880 4780443602 
1090073207 2736974934 4630499731 4425715604 3313369038 
7618100948 8731207134 8271081588 9857483265 8542075100 
7795311832 6861708037 0709359276 1493678253 0858340482 
3510036321 6637895742 6202550350 1168615434 0737950451 
