6482896755 6983589355 2202017367 9548075781 9095026979 
8127114870 3431190363 1122461282 9530382051 2870430929 
4719745946 9082102563 4788995431 7715243796 9621128122 
4503426066 3992688521 3307919637 0277780448 8579205730 
4699080092 3440186638 1132520971 2309647605 9989947925 
7598510081 7303960682 2219975327 3016065826 2852758257 
6695078547 2603493829 8133582528 1786706085 1265600226 
8871781125 3597829337 3477914127 3628418865 6175920832 
8794474109 6970387985 4736984025 4580632948 3502235939 
3543587480 2239897609 1629625011 0473931169 4491006669 
0723063469 3130169711 8206325352 6924404384 0093724284 
4282097093 6485690946 8920087371 7532525570 3054353982 
8727812301 1398080938 6701547488 5803445631 8713196026 
7854879389 3316205007 6752641120 4439023758 3342724298 
6996547863 6853410284 8857370254 7255023656 6341868091 
9038388670 7879072084 0361940216 4670121534 8379781518 
3282647257 8628815207 1010814995 5898033811 8961569441 
7567613407 1704653851 2170902123 7778843336 4965187211 
9905407581 8773943975 2836414395 3044245913 9031788130 
0418879188 7114553148 2674699870 5558793104 0240388884 
