0838506873 4162507165 7274185134 9520849636 7095554245 
0439483948 0459791562 2828248378 7934152720 3622633695 
6180555637 1076814888 8936192757 4265993582 3559431530 
8879330527 6755874751 2365065843 9694756042 9719200231 
9868024351 7199378681 0036110231 2568364256 0795974105 
7415362829 7180046497 7485737183 7863903703 9015397374 
9116546854 9971645394 1611216417 6107171454 0176519056 
5052520662 2778831290 4571969320 5990241375 3959838619 
8260320549 5839501675 5525096441 3711822256 1496014003 
0230354078 9920969867 7507867200 0380742679 7053030716 
7932296015 6486228085 1840335235 0170608589 5129122232 
4611783025 3163628943 9460736527 7133651163 1646446199 
0990212249 2241231516 8992767855 8637363155 2600250348 
8487813233 0019101893 9961670273 1416999626 5119457426 
3676196500 2434737172 7290284622 0979839487 1065982270 
0099549188 7769618850 5432653211 8022194442 8222842515 
2556141187 4340180419 4614139451 4712872527 5923912559 
6443735683 3972896331 2676782349 1035633296 1294719101 
5157143115 7954909339 0326141191 8654752376 2472153110 
2079369115 8487422058 2274734320 1735585077 1224379698 
