5796549158 0627950274 0977168861 1480761631 5161855306 
8566924571 7176922044 3668433127 3989337941 1162972245 
1699985468 5622157024 1759471176 9952916550 2116855001 
0898576193 4639455908 8262707753 1146577522 3884634351 
9376539734 9848024549 7607602440 3080844890 1068387869 
7261237097 8357824516 6801171485 9836794055 2904619826 
2165669172 0274262854 8239339600 1825459940 9254308169 
6910329784 1123402288 5600190549 3427502231 8529471282 
9609693976 8137341977 0427812130 0147328677 6057194059 
6997927551 2461718434 9569856417 1287248118 3465420642 
3187145518 2415286763 0567513116 2677177350 6175112454 
6338799426 5291270105 7899567180 5721436557 9183506917 
7793070407 5732904397 4949958224 1062381051 4917650238 
5041827300 9662017175 0940590805 4089572837 5540635515 
2219965820 7573513157 0759236153 9863945921 1155864000 
9880975526 1053838256 8992721584 7850417460 6516151133 
7883360976 0121148487 0055601658 1249247068 2568442720 
4547289630 9420306650 4452986462 2359422600 8554991589 
1499536064 9842803457 9492757009 4979594506 0237877501 
9470624632 3949549578 2308228306 6840818802 5210766390 
