7423097372 0916285337 1768062164 4693543231 7917855305 
8331714208 4798863034 0846572642 6939557002 6857605753 
9347888587 0946005827 2323051910 8117514234 9126873365 
8596079989 1732928915 8960018150 9181633740 0806035475 
2000515117 5102901229 9248709615 4592802620 6076169827 
2181029167 3155489294 2374085196 7433079166 0784990557 
8210193571 3662435990 8836138598 0851615641 7476946054 
7855400819 5353067080 3089697630 4529468682 3321053287 
8237438944 1156851762 7171163630 9401479909 6494563545 
9295013073 9003626821 0073263700 8235615069 1269643183 
3517162543 9030469898 9314261544 2635951136 3466057378 
6549512445 7475262167 8954703628 9048304849 9680403772 
2513431937 3734412366 1858694458 8064018584 0731476337 
9294038634 0435919419 8723552630 1565460805 1868676068 
0431608451 2845916042 4413269879 1253856029 9159967278 
7661951950 5317648831 3469325736 6894644382 5581391084 
8620966374 2674579831 3012223438 7258312442 2033094571 
4575414704 7929387585 8238997738 5152135237 2389559664 
3122356432 6262860114 7489086817 1592810668 7270840082 
0337718692 1535235269 2634722680 9082598988 9840026208 
