1521782826 1122931311 8208660070 9968603654 0981832680 
7558247767 0695041099 7586143624 3552161945 3530292002 
5466736799 6485043373 1334952082 1075119925 8926638995 
6475698587 0790185612 3791578864 3744690378 7150950011 
2550210038 8453119236 5296559946 1900474846 6206423479 
4232967006 0529003709 1755781887 0819352214 6871427235 
2776325598 9808694872 1113845980 0141238421 6382782441 
2736542446 7488333816 7971620112 8861914154 0193671290 
9478990264 6664431560 9837296150 1968624228 2506723061 
6672094354 6571425149 3086424887 7859868275 9588749065 
0772602509 5182953676 5181182368 6169447243 6078376429 
4762469226 3194989219 6464406831 6928766161 5060508138 
4631941511 6202577907 8630718012 3115945860 3896562526 
5542233462 3445450739 4788690268 1594975131 1688514369 
4521021688 3190446168 6297633252 2986385181 8850049286 
9357276476 6823855564 6365544964 0063176482 8557578586 
6610228551 5648599088 2095868944 4362546986 7952382268 
6115969910 0563660829 2679153375 3816066112 2478695313 
2615853187 1763885989 3779291889 0299879387 9810003697 
3078489592 7062541048 4859315854 3233956831 0423902990 
