7026344379 7875691855 4340897644 0760130844 4819786265 
0794764408 3013494243 5834281885 9152592934 7143631753 
3749589701 0728735012 7078898048 1635045676 6676932075 
5305184043 2446100740 3216764718 3608370847 5065126930 
7076608498 2529900031 7850305853 6821395127 3503863824 
6056425103 3777558098 6464339801 7186208142 6630741725 
9222600051 1091342681 0746701290 1430165410 1064933212 
2837908275 1500100353 0015654597 5083237729 6543969738 
2047741626 5710657408 2164996062 6227496187 9533479070 
6598897487 1779564334 0648417456 4574790692 5170149499 
8100953534 1354890875 4836327579 5224072069 8629102467 
1703579251 4417667038 8660990698 5726260581 2408253362 
2521899200 0418975745 7653151230 0006444571 5931701771 
6886354833 3305192158 2055946117 3577163211 3223393196 
5320386199 0051161781 7133400107 0576652689 9197081692 
0221946470 4323795356 4118660639 2055860903 4457064151 
7977821450 5472227885 2987210197 8588460700 4742002846 
8873795844 2289499743 3365627187 7991721137 9161644925 
4132971565 2879529532 6397595385 3592095013 8633380507 
5613695308 9954758488 3024261962 7589859415 1378051580 
