0643549556 1868964112 2821407533 0265510042 4104896783 
5285882902 4367090488 7118190909 4945331442 1828766181 
0310073547 7054981596 8077200947 4696134360 9286148494 
1785017180 7793068108 5469000944 5899527942 4398139213 
5055864221 9648349151 2639012803 8320010977 3868066287 
7923971801 4613432445 7264009737 4257007359 2100315415 
0893679300 8169980536 5202760072 7749674584 0028362405 
3460372634 1655425902 7601834840 3068113818 5510597970 
5664007509 4260878857 3579603732 4514146786 7036880988 
0609716425 8497595138 0693094494 0151542222 1943291302 
1739125383 5591503100 3330325111 7491569691 7450271494 
3315155885 4039221640 9722910112 9035521815 7628232831 
8234254832 6111912800 9282525619 0205263016 3911477247 
3314857391 0777587442 5387611746 5786711694 1477642144 
1111263583 5538713610 1102326798 7756410246 8240322648 
3464176636 9806637857 6813492045 3022408197 2785647198 
3963087815 4322116691 2246415911 7767322532 6433568614 
6186545222 6812688726 8445968442 4161078540 1676814208 
0885028005 4143613146 2308210259 4173756238 9942075713 
6275167457 3189189456 2835257044 1335437585 7534269869 
