5025767540 4017857958 5244883117 2105089277 0892272734 
3197382388 4687307168 2302487886 8858551010 8073522781 
4053714065 2075810727 0848167263 9770987314 5516264691 
1423286103 0369329843 3030032367 6162714264 0675878067 
3188397151 5002798163 3747790787 7503830798 6759404591 
0739210345 8740421961 7034925808 1899072059 6129158642 
0202885734 0091149552 3886510791 1371495334 6397639881 
8394880453 0075074740 3722809368 2053543049 4951948332 
8334700751 6197900868 7285439962 9815756058 9163762472 
3069162871 1111376760 8648032375 2459664930 4117539461 
3646433780 4671165055 5046706718 3622128579 5048067165 
6304276267 1142999911 3487698447 0503706379 0018109688 
8629721757 9517324338 0278061747 0496302042 4929166191 
7188624335 5599282093 2439194457 1188632155 6320161654 
2470553759 3869662465 6334121541 0140322869 9093015913 
2885808831 2412428828 7637387274 2838038590 7102927486 
3335150309 0445328052 5977956589 2055456243 4297982794 
1348917563 8240077161 2173324736 4285401606 1004433764 
1457220785 9217155914 0103783202 0132133833 0963807789 
0409572381 0558829392 7963743816 6068683519 5059277019 
