5153616017 2215890428 7856784820 6829194416 9871819286 
2730827044 4163039625 4713053284 3883379133 7476873582 
6122116258 3602728961 6245590418 9677024745 3827583966 
5229937123 5163048983 3012421417 4557885915 9425605979 
2427721819 9085562798 4860561745 3684478923 7969079755 
9455515464 6853163024 4623256740 3489584546 2256744858 
2020424573 9199425309 4264224504 2026890381 5015268360 
2412559807 5975236481 6280930489 1274615119 6231546114 
0082205639 6780658535 4076686882 2754265038 1225999162 
0760170895 5674744652 4234452017 6616503259 4566591296 
6786324621 3799192229 6145867142 2482492880 6476803210 
8647799410 0410060033 9067927523 7362546027 7429600734 
7880383566 8752200348 2457694908 4568626960 5771570191 
9174892260 6352081297 3879744383 5483286136 9395624503 
9297680578 3223402171 6765559177 6684037572 3484409461 
7629312884 9268993687 1389838822 2710602790 3799001904 
5583360079 7392774109 2665573923 3147025909 2338906543 
8842235132 4115388018 5592349561 3993022391 9645050450 
3693529270 1156630515 3351918641 8648234424 9991927202 
7295345959 9063048723 6080415957 6002966812 1116831723 
