6603811054 2803591445 7202482564 5610571405 5462420821 
3435209481 0841715828 9572445072 0635468160 0230512014 
0848054358 7425261710 1768185388 3557558717 4154247754 
4977222141 9261315525 2691091755 6333193232 2243218525 
4221827291 4915981058 3689702503 5228130021 4119248601 
4248068079 7536996477 7193949068 0468355280 8347327610 
3060494097 3309169031 6783097934 6366118327 8453186871 
6462680738 8336567045 6601042376 8505801395 0744364796 
3922284112 6979451347 7300492498 7864965636 7949099291 
3271252897 7651918175 4279628060 8493237552 0815361113 
2403397131 6550439188 7960198382 1385850007 7324246177 
8849187581 4596426423 3788979333 0819488160 0401131265 
2563569324 4659398400 6368903152 5472292399 1414474377 
0696338935 7619260391 8924793631 7800831026 1141954854 
3605157787 1600495578 8656579706 6588551042 8824663630 
5720777890 2266777042 5126815719 7953322510 7638903681 
9762844028 6102588053 9233932947 4672024088 5412764923 
8644760216 1162620824 2129916603 6229918492 3782236300 
9834781195 2291382184 7326342285 7591209798 0547828525 
0591837983 3680178741 1242644746 0022562414 9806914007 
