4097972102 3278539575 6151283458 0616541111 7926710427 
9905793944 9713494632 8950456512 8688478418 7175802050 
4583283874 8531373691 1351025506 2010277534 5809439105 
0010218339 7324565047 2889476879 2989259450 1987507671 
2236379187 5864720121 4966061151 2804870964 8863056228 
4408393694 4387216921 2084920085 1558381251 0707419551 
8720809374 6942459731 1728117210 5192890389 6370394235 
7768621276 6821093182 7636649840 4212493814 4097959863 
1142254364 8396549998 3479084307 0217643855 5435125743 
6828228153 0322223808 3476795111 3557014806 3182004532 
2072379489 1863572149 1062425269 9399467101 5366846234 
1051533381 4268477062 7585203524 0992079720 8699145373 
0109551641 5033176282 0019691641 1546026820 7236692552 
7514184299 6992053985 3433073068 0573723805 0416719722 
1127374050 7892726634 0638850686 7344585607 7326664838 
4578027718 9114758013 2310551987 8413365218 5190714606 
8138986886 7103147598 2646112937 9543952667 2867275994 
8335902597 4458786876 8496462683 4844344141 3591771458 
7766088077 8453571839 3293719373 9323640835 6337576688 
4682111179 9350554102 0855618849 0102016005 0563954168 
