7451082206 0355541081 7666460524 1249662244 2280454524 
3216032036 0194641356 0979200195 9024049792 9236732989 
2455399010 1980112140 2908686999 2057589177 7188074146 
1222050247 2858571536 7530747814 3897305717 8726836636 
0157613610 0772286319 6388526462 3512553807 7319459563 
5679653823 6249992655 1804330796 3596211067 4552852142 
9026294982 6567553352 7310046878 8657310472 4664933265 
6792733134 5122955059 1862329373 9332608607 7451350775 
3090157444 3829487339 7796053228 4935830136 1837958626 
4803212973 6847481751 6476913662 1103603695 0910666650 
5171711508 2782009327 8835872259 8394046306 8376318118 
0890442362 6219988123 6826807857 9526219721 6687201745 
5174726278 1803268305 8548803970 9770479348 3103543985 
5907843552 7766760331 3988460527 1503138856 3324676889 
2710459585 1932895139 1678238577 3577265810 0479825639 
3551935200 5520408002 8705967824 9739374788 6052835649 
3591497838 0377964960 0052124458 3477900175 6042465866 
6519980770 2883943851 6380955043 0492196032 4436090340 
0851746604 2962743097 6838715194 5982644735 9402342482 
1104475729 1117779587 7313415536 0952759570 8986125867 
