7145625239 9450075938 0206093550 2489200847 6733229308 
5742222550 2064556902 3912654366 3578524272 4290560532 
0575403082 1014512382 0902174669 7579765347 5172501465 
8374788480 8053773515 0422224042 9576036137 5432486199 
6558919392 2050469998 2106293160 9675651790 7513229607 
7785755331 0265858425 7608668676 4535520927 7482755675 
4517716995 0878941180 5936305249 9449670123 7598006553 
4998739666 3953944170 1705969810 1512719333 1184076792 
3271853953 9809764048 5278467438 7231643291 0029065495 
3086128333 0266400758 0129618499 2070220025 5597215695 
7588376168 7843643467 9275586357 3972253564 8841330601 
1928957464 2809357858 0811323314 3311528748 2179766039 
7125795289 0036407198 9233281316 1164041693 7736628013 
2597382222 3742681891 7648959642 2703380390 5929596496 
9648213311 4473166765 0419767811 0849096646 9425717069 
4570078712 6401448652 2428469488 9761725674 6535220506 
1621073001 0192624831 4682120355 1699501522 0073163840 
0413203033 3242312167 0826854689 3175843663 0430784350 
7859281044 7849266395 2652398718 6441733800 8568169232 
1347429754 5832694021 6125333283 7900960648 6277854941 
