2667951367 4045877416 9455961407 6265662502 9900692267 
2678760365 8713793279 6041848839 3933934692 6354341548 
0951836233 2331752293 7035210291 4641331275 2037117166 
7548720634 7389232937 8510729029 5144629274 1546761947 
9427471669 1603049782 9288961474 5870264997 9707920638 
7240825023 0064255449 9590401197 4108535167 8444090188 
0646293748 3544396144 0035352331 0304041178 4572289029 
5818058103 2123743825 8987027473 7040106837 7771592512 
6453570650 8300921479 2583498924 7512745362 2006105854 
5759973693 1352970781 4374284134 0551954446 7214894150 
5745283917 1603715453 0825255583 4320251254 2416624457 
5245629644 5791076971 7152147095 1850550035 5054390631 
6882581057 8507463565 6204791466 7680556984 3845520277 
0996971988 9807233714 8695635670 3177687763 7897432734 
9282934390 5145567060 7446079704 7693164627 8121417138 
1827437856 1462197088 0870210642 1105737785 1471358837 
3773882407 6528045191 4271374881 1055974471 8310093937 
5197659802 1002410125 1123081368 2603384744 9108771613 
2285766026 3938849284 9598982365 6572720426 3572026374 
8256494949 1262914191 7130646280 5956698254 9360326132 
