0192528043 4617043902 8926027993 1404361370 2658201213 
1285148815 8573111782 1041310335 7288871817 2952627112 
0008147506 4026830464 1898876974 7879173173 7038139991 
8882424169 9421215277 6045185956 7119094180 7373479331 
0997092831 5546816563 9527101046 1137625406 6449586183 
8546389822 0899677832 9550111431 4995936803 9822230371 
3632957423 2173574464 7342109741 4917436419 9473195884 
0052638726 9592318364 2325491845 5955045343 7784670947 
0450959420 1202114220 8641912790 4935994521 3739248711 
0743231495 1138042937 9365543637 2172634819 0757113531 
2709307952 7295221124 7953149896 9908089466 5747695565 
1243605611 4200866399 0560990003 8030250612 4236077503 
2934134728 9050131677 2809713162 6834959634 0929224303 
1195084878 8671035335 2002371273 0202916592 9752526570 
3921042149 6349523857 0856057234 3462157695 6985134068 
3045483315 4590753647 1146996824 2091023214 3117176922 
7738534770 4177940764 4100130104 8596092707 2113205231 
8538222744 4870243327 1039878114 7912754608 0836115687 
7921513113 1045008366 3631007517 5110259002 8086427715 
0209627136 6239740107 5288445468 3316182115 0278926430 
