7297635576 1055112462 0332480053 1059951115 0543148482 
9553432959 8305742724 5173788652 7193000732 3217362375 
8732731489 0910945537 4027048118 5557199051 6839387453 
5206797085 9211896407 8548950410 9405699659 8871598863 
3620779550 4521932156 3361246853 0317470544 3940294182 
9263552401 5545231609 8682553138 9701880153 9704596250 
1691796648 1250155593 2311482673 0056338357 9726032860 
1778474149 6004569725 7834956205 8732873012 4514555763 
4523029864 8149544100 9078835298 0120701265 4109525184 
6066620176 7420452573 6799469077 1908453787 4820608029 
0482516701 7661982073 0618331239 2193535690 0407052154 
9893903446 5938809047 5077241695 4365185807 5066490459 
4431888629 7872357160 3022481352 2046010906 3521450828 
0639749275 5128476943 5499620339 9164488791 9743790209 
5718886320 0247502079 1023790730 7296374632 6336674594 
2755637845 3569136734 5524014897 1259094803 6856628232 
1005003940 0731066320 7525728314 7115192633 2892852069 
6723934717 5098295260 2125494764 3301953574 3835092582 
8311133911 5390633766 1737307723 6302798898 6998579945 
0165923769 0675488379 8892940060 5162826140 0481504694 
