8281403308 3916434248 6509396354 5890913280 5951116334 
5503656348 2451915058 3179498083 1827281347 9505077271 
7335949663 3718821491 9283787116 4639035669 2577994245 
7394355473 0449355593 9684803279 0208614196 8150826064 
8109246885 4338332986 6390745478 0526362916 1562798803 
1878282707 4516303278 6390756653 3621975063 2242486457 
6945975359 6673200603 8982629300 0076125149 4798008956 
7124525695 5982758548 5769012463 6865949422 4227727177 
1518496417 5107159841 6357207241 2243719680 6720392706 
4789427894 2171284264 1334271183 1847944133 4606472431 
4115015509 8551171241 4668243312 3520628406 5722692606 
9047479196 4472975283 2274956981 9632778728 1625954012 
0205380732 9582500497 4459308097 8240952991 2965423318 
4987988007 7168163198 6086512088 3158672565 0659441406 
1844683749 6318929137 4599342160 3484822883 1582897309 
4216147368 9255851699 2715531155 8888760072 1703410244 
5874402084 4342827300 4673097955 5566681150 1300338889 
5838023146 4313829002 6007632285 0347583078 0878895180 
3139810207 6278898517 4353478225 1208467594 9743002443 
7895842895 6807526632 0362769629 9460180834 9419949127 
