9472547031 6566139919 9968262824 7270641336 2221789239 
0317608542 8943733935 6188916512 5042440400 8952719837 
8738648058 4726895462 4388234375 1788520143 9560057104 
8119498842 3906061369 5734231559 0796703461 4914344788 
6360410318 2350736502 7785908975 7827273130 5048893989 
0099239135 0337325085 5982655867 0892426124 2947367019 
3907727130 7068691709 2646254842 3240748550 3660801360 
4668951184 0093668609 5463250021 4585293095 0000907151 
0582362672 9326453738 2104938724 9966993394 2468551648 
3261134146 1106802674 4663733437 5340764294 0266829738 
6522093570 1626384648 5285149036 2932019919 9688285171 
8395366913 4522244470 8045923966 0281715655 1565666111 
3598231122 5062890585 4914509715 7553900243 9315351909 
0210711945 7300243880 1766150352 7086260253 7881797519 
4780610137 1500448991 7210022201 3350131060 1639154158 
9578037117 7927752259 7874289191 7915522417 1895853616 
8059474123 4193398420 2187456492 5644346239 2531953135 
1033114763 9491199507 2858430658 3619353693 2969928983 
7914941939 4060857248 6396883690 3265564364 2166442576 
0791471086 9984315733 7496488352 9276932822 0762947282 
