0655913084 0005862656 3996391104 0685104128 2007153246 
2564263714 5635575769 4528492711 2635577196 3250658965 
4553648212 5459263355 2572925952 8149934158 7877651569 
2231191510 2337344071 6991656476 3982000896 9846298439 
9775938539 8112133218 1032819896 9945792617 6493582974 
8373387752 3528594640 3513823823 0626945363 4581003193 
6725020698 2807384333 4117528315 7314342639 8964163471 
2705303477 5699155800 3118159180 9113788026 8838547576 
9729233988 8286032302 9977043066 6288695530 1210272705 
7633959897 6894102499 6847949816 8420119925 6134807564 
4040655946 2383708723 6888125489 4914879487 3480861416 
8105521140 0184551700 8444484294 8475507327 3664282722 
2063365824 0174549880 8291301883 9140156809 0500008495 
4657373000 3274779720 9917507461 7859515799 5320223728 
5235920400 7425152256 3861667562 0318839811 7618611960 
2216284743 1907970250 3674592828 0467817853 6647393560 
0354038278 2818457669 4782337457 1138221219 3261672950 
1042706940 9520265028 0522898590 9350023944 9087456262 
0534522173 1194095778 3019536051 8503854961 4062182530 
6182036518 2733706211 1989390244 8897538635 8180994491 
