8157848783 3652886543 6542248302 0278924170 4968965110 
4172759475 0178122678 5814391748 6494243573 0090917126 
4877160595 9209744581 1462955422 3100220085 1205225897 
6477811482 7039426776 6642782746 2593951174 3807198618 
7222655865 0403002846 9146927864 6800318360 3463817264 
0570270742 2620342971 8755580993 8687124046 5622333891 
4646583055 4301315509 5285109726 3005080518 8265272685 
3353729373 3856918269 3717167730 3161186474 9481042421 
5127915910 1460656979 5333133774 0959367493 2644146370 
2427524539 3350301309 9283364854 0706984034 3991212452 
4927558029 9798824092 0664464042 5859662008 8874191649 
8773027540 3729204215 8109378147 1313622628 8666694547 
4212449552 8490914921 9337193623 4029433712 5575569988 
6529662364 5035351920 2677763794 2482082860 5689362315 
2152317885 0145213132 1491469868 5483594470 6865850109 
8131420589 2676416115 1621094053 5678073681 0089734245 
8729327052 1085357267 6380564228 8409296658 8447779527 
9546710735 1932954747 1301507922 0840328232 2044289446 
7821839654 7110902117 3407251397 2475735700 8555312743 
2199967512 5958256806 3235880883 8843662032 6226619141 
