4934740436 4980002473 9833209241 1838667429 6092694607 
0141838817 8110714282 4396577963 8843986478 2313715424 
9894725830 4114514952 6872423618 9967630588 1682084632 
7437441210 3905527652 1871073556 4525713360 1145580455 
8568455865 0432859917 6765196193 2711434986 6540777451 
4500473072 7117147957 1222757201 8128864464 4077751746 
0328242317 3385337652 9898104423 2240467724 6320479517 
9809715760 2580088576 8975134059 4805482687 7288477629 
3846454960 4027037050 8539419092 7699370668 0455171941 
6040376351 1801855136 5754510952 4703460226 0020741742 
8238494817 8225490636 5992084749 0375832057 4467795910 
6755660640 7750093471 2981700581 8769408027 9926904605 
9498721176 3415191488 2251867043 9557310017 9371000466 
5729218037 2848797971 5692278888 3970419825 4565706428 
9089858279 5862565990 1375968750 0785698534 2094439959 
7152366767 3559911557 0900614130 1885395600 6933050826 
1157883159 7901882912 8777653969 6406753920 8084858229 
0475561905 1863754905 9417647208 0908485239 2996636537 
7746870985 6801423613 7076370467 4236180292 1867959247 
6977765292 6292904179 8392750534 3294338447 6533398501 
