2282836279 8515026374 5427966717 7148419757 3390657287 
1543054321 5752354493 2053465375 4238204844 8508846345 
9085338667 7292538520 4449844131 3686375189 4117684862 
6136036819 3736351339 3254080685 2269214743 0732913446 
7625293226 4084533084 4938647151 5618139413 6343503648 
1779475509 7633925598 8278690369 6323863303 4257944529 
2292377520 3287448902 0040532668 1393547528 5501746453 
1717214599 5081455613 6469252665 0227115337 3818175978 
5579504198 8075485811 3362891549 0090390806 0775415757 
3613737559 8801875730 7536248737 0012912238 2611343810 
3923437231 3536898891 5337494937 8632498494 1764281417 
0452840829 6939917243 2328677256 4150483765 7731144933 
5215538523 0017811082 7616363037 0902052595 0377909253 
4110470570 0465652519 7792567933 1410886632 6405926231 
7889312603 1528575871 6424211903 3379872577 5874290129 
0375936269 7272343148 9357257241 8837941862 7686456677 
5868692027 6014398050 1638714352 0477673880 9005789283 
6338177973 8845734410 0149966433 2358222579 2535171105 
9485607891 8240152199 8285226946 5095876314 9247127952 
0164467647 4027046895 4543510306 9826179991 4022340728 
