5489154680 6842095743 2075066211 5448762664 4675798636 
4438802325 8636088691 8759442271 5214296506 6416138496 
3815027972 1730712659 2057826600 2784718140 0342092656 
9307030904 4570245964 6757649018 5278139314 8131509203 
6410498459 6906022531 4474822945 7070252704 3630406111 
4455142227 6693665012 5425237207 4394018277 5250894143 
2915215170 5997454593 1259468212 1435106227 6330331850 
4339488951 2767206372 9151249368 1935703191 0469357290 
5276288768 7825004850 5480059732 3075326522 7792552419 
9131596179 1152206941 9685479187 3415669978 1096702562 
9939932081 6450717417 3490564339 8652199866 3905570935 
2119852439 0679861502 1448623928 4387398201 8760228547 
1230394945 9661572587 5096503200 7124766575 9381372124 
8011341535 5061675472 0369579105 5974610671 1254171174 
5369543014 7191419937 3197227971 6902116135 7262524311 
6472289366 6441426212 4385498136 2369496357 1282116036 
8544160710 8231775107 8012983042 5381419089 2249208595 
3646108213 9564811320 5316073707 7720760559 9349815034 
2406407751 2331512158 9992462974 9784547438 5785595227 
0892671024 7919919964 5043040166 0056217629 6234014928 
