2181611520 5046438140 5120101763 2797902693 2712227012 
5927081630 4579408695 9388503088 5857777676 9880577120 
2774618583 7281858599 7017721116 0371098273 9324147197 
9376638648 4316000841 5792725306 1164085015 1500165203 
0020014274 3376390418 7886226352 7470225898 4849469077 
6947476132 7639105259 9405660382 3823716369 4355547065 
8174827307 1824741827 2636272404 6239944028 4444736424 
5864447510 4690299765 2674973443 5698570853 9057819159 
9585996096 7506128309 1019474886 5650751261 3971363292 
7641583491 3042083009 5085110041 4074557443 7849278985 
7607261057 6974181963 3696790755 1883832201 7344376439 
8053682962 6873285189 3953081597 2138409987 5365774663 
5493253113 9362559789 5430009119 1426740753 8592549690 
1579734191 8371040169 9917900945 6783596285 7322447147 
9073204569 6471978631 5490862841 2333251748 1278482880 
9848761022 1009742783 4751646279 0553938519 6688956965 
1087606287 2957459088 9201702386 7207401060 2453894151 
9547393281 4246622312 6892362650 2720564026 4302177690 
3189555520 6112711463 1467170389 1577339006 5452869232 
7208081115 7875737499 1035324446 6936165351 7522124688 
