6608059397 3805468948 6755602588 7068710308 1189892202 
4217495293 4582195353 0099156135 5360731590 9567346990 
6992487426 8001953821 7524621053 4986270106 1321590757 
2602408043 0082786835 6293198384 2710521983 5472751176 
4233027995 8926872730 5311835580 5687527612 4091974244 
4763356809 5687484441 0454670283 5236514152 7656270080 
4363097477 4537678098 2087349803 8498259924 8810670297 
7549495352 2829951654 6559850687 4283176285 2085719613 
9379782850 5779014996 2321392204 6234152416 8238038894 
4662426737 3001896543 3764765036 3412518285 0951208886 
4856294714 3987795665 5928074916 4896256218 5926715414 
6921767683 9605450082 1642162605 6106423144 4357982306 
9196578047 0574714846 0072968182 3722879775 6049608915 
8178686729 3632379024 1579204728 3646970210 3139751800 
9784159855 0007055364 9387532125 7496167487 5872583259 
9259576150 7433918622 8437988301 3460445408 8081780968 
5491194541 1934702689 6505991986 0410997653 2111965810 
6296655005 1161836517 0620292880 8776091498 4616731644 
2686419708 9230648463 0567545738 8720247601 6525776085 
2937721093 3584453871 0740272925 9191524626 7623538179 
