7869306421 5340131633 7011357356 3511109814 1821129662 
2107367262 6961567267 4830775248 8744484167 6657370240 
0485083937 0255838591 0122669483 5806839154 5479166016 
4569148630 5239359779 3244672558 8671741604 8550387114 
9031760755 3732194472 8305822191 5580788075 2453696932 
7446017473 6052420586 4696869757 7061218677 6197205874 
9104516514 2715495423 8539202325 2697512349 5465463090 
6132946005 6650728309 8728033873 7351553752 2356318357 
0253700649 4092638080 3173746348 5403611466 0004846876 
2423108947 2379165007 4517970524 8628467276 6337551730 
3687368385 6440370498 0661790920 0831710788 2104981833 
1552614850 5373540750 3510822393 9247445630 1096920422 
7884473716 9688950911 1857369268 9033665971 8522537770 
3296220167 0810655181 2675800940 8525150684 7757921913 
8932138092 8696119531 2209050380 1810765874 8836831788 
2781425278 6261879667 6068219770 3909326006 7296151275 
5712527864 3706989835 4444096139 1737903545 4851804039 
7333137480 5235879109 5558304048 1534804539 1878540382 
4323690730 4310274062 6417777626 5730103470 3384021129 
6690848180 4616249648 7394734584 4121553025 8152221499 
