4582224994 1941954725 6410317502 1144228086 5230280221 
3424093193 9327276781 9599060811 2598623967 3394589896 
1907167977 7780259511 6314775762 6402858826 2514815821 
6439944135 0619608117 5890461951 1585390826 1335496038 
8032371352 2245169681 1805975121 8959002859 1797390866 
5244952804 0782713027 0045377437 2678555325 0485039746 
3757394646 0984085658 9301848223 4161498658 3150346608 
2186223605 8019481145 5490351547 4266266061 2950268784 
0975477981 4072682395 6931472487 6098280345 0811893834 
0409615343 1486301124 8676465315 4787584549 4652222753 
1877356089 0835043837 0811208824 4175993858 6466309397 
0481172530 0402030581 3409044745 0511563770 5410350141 
6686191248 5252694933 4829785101 8111472329 8740453961 
2754022221 9095844050 8723066232 6888849704 2234567000 
1194975185 9796494099 1489713853 6227945887 4076099043 
2854228127 7305818304 0249451087 0633698694 6867400894 
8109753971 0090849476 8304107115 2955063888 7652490545 
6599942607 7388634739 4552511448 9720361047 9375725447 
2396602354 7748127494 1606983510 1314764023 6419491461 
0598055637 5704465155 6671236525 6828270157 4452847602 
