2078175397 2337164096 9862649205 5766876156 4457744644 
6649254773 4672972555 7053882859 0789231759 7067686398 
2496629455 5601938731 5271036272 0124293120 1764252246 
4480318195 4468333763 9946131383 6144570416 0888342225 
3715587835 8070161156 0271775414 2472333152 7813566940 
0989800444 5823899842 0064074895 8923892389 2752289147 
3294553124 0424775520 8380523795 1012393843 5858775454 
9990012720 6828665999 8579098429 3038460073 2962384262 
9079721823 3372747669 4640152692 0488143042 2739438838 
3869880723 6503400880 9524512726 0013615257 0415774978 
9546427459 2866962164 1542751907 2078965765 6762047087 
6291025929 8887712834 0580613171 8206887950 9627355230 
8022803665 8853093027 0461940061 4464491862 7856642449 
4208162102 0383276111 6962244213 8639731157 1301189918 
5316991515 8165025834 2812848741 4927536050 7355014927 
5164965568 9498688144 5782807241 5400901161 7693658986 
2811374592 7903225784 8909339768 8160867085 7002995345 
7215794209 8099722053 2145751427 1541122093 9886987456 
2801165332 0792545519 6985191038 4281572683 5120109236 
7995242906 8679954568 3083885930 1366721852 1135364172 
