3815374099 6154559879 8259891093 7171262182 8302584811 
2389011968 2214294576 6758071865 3806506487 0261338928 
2299497257 4530332838 9638184394 4770779402 2843598834 
1003583854 2389735424 3956475556 8409522484 4554139239 
4100016207 6936368467 7641301781 9659379971 5574685419 
4633489374 8439129742 3914336593 6041003523 4377706588 
8677811394 9861647874 7140793263 8587386247 3288964564 
3598774667 6384794665 0407411182 5658378878 4548581489 
6296127399 8413442726 0860618724 5545236064 3153710112 
7468097787 0446409475 8280348769 7589483282 4123929296 
0582948619 1966709189 5808983320 1210318430 3401284951 
1620353428 0144127617 2858302435 5983003204 2024512072 
8725355811 9584014918 0969253395 0757784000 6746552603 
1446167050 8276827722 2353419110 2634163157 1474061238 
5042584598 8419907611 2872580591 1393568960 1431668283 
1763235673 2541707342 0817332230 4629879928 0490851409 
4790368878 6878949305 4695570307 2619009502 0764334933 
5910602454 5086453628 9354568629 5853131533 7183868265 
6178622736 3716975774 1830239860 0659148161 6404944965 
0117321313 8957470620 8847480236 5371031150 8984279927 
