4422837049 2060364815 4449717799 8861873906 1970126506 
6843706404 2512445995 1909006226 0821798454 1513987408 
6156189246 5930844027 4701471016 7254716016 6860173976 
9199766201 1119989301 5535406281 7781328238 6798739883 
1854809365 1417526904 0502739923 2695322939 3103604569 
8425205947 1087760223 2101677467 9279356253 0768337722 
0692980995 2133275493 4107640682 9369625653 8097982992 
2150200761 9065671332 3330719175 3110953769 6743144582 
7047452191 8565656173 0561853216 6042594645 5385616883 
7599345327 6738278878 1222315372 8111341735 5451707355 
3208276044 0774525442 3078545374 8112596654 6355745960 
4327036854 2157386962 2444796092 5936750083 0989140006 
8538363588 1778748642 7106882578 7874079928 3418251977 
1408422304 8949791551 7987678274 6847540849 2899386476 
3498391753 9244593293 1291380807 3876500505 2200666662 
7273438445 4049896801 1834325534 9997625011 9217678755 
8098067233 2416782617 8257089116 3017980881 9558379107 
5401180509 6216010930 8042257018 0549297646 7841153876 
9143070882 4753121723 1379403723 6592877104 3455446962 
6659999262 3393329864 1137100126 8040811602 7696940228 
