7136507298 1064452520 1655173386 0468650406 2129245789 
2714722742 6763861426 8236764085 1641194766 2651437101 
3938556806 4270077829 6596804860 7751794922 1215629173 
8671635464 9889853835 7515324974 3158354139 9132213650 
5155138410 9030902755 4332364412 0225300770 4282111471 
4191814757 0961833137 8229434207 2543410315 5582818669 
3283866836 6072691638 3696779320 1021420290 4681337049 
1534380592 4654711497 0835401227 2410065039 4974216418 
8669227447 3689950625 2894502777 1898946913 2963467585 
8792642352 1163354647 4686426054 8561315778 4036114314 
9026954427 5056480384 7888794329 5655604844 3391840602 
0270451468 2782423151 4065070221 0485195920 7231200493 
3717673835 2370930885 6526434484 1946773453 8241329688 
5430630247 7825543502 8195957175 4332687358 3172827933 
7741010263 4717252580 0055108998 0879204274 4778385364 
2749720654 3092247960 5721400330 6615979398 1569706136 
6098396405 5202876699 9172254724 0206396060 9642994542 
7059154600 0735367315 4988077390 8300158133 5160357301 
1111410928 0154122806 6667058785 5509270333 8500983115 
6762851616 4924255092 9283039087 7098893494 6072349028 
