6585602054 2206703715 6804635003 8260527637 1082398659 
7931848309 3676416563 6079070660 5233434111 3779312161 
2020588095 1461437739 4768353883 9504721294 5283498654 
8086483788 5019467676 9456232670 1998713318 4554534837 
3608451276 7180056787 5423588719 5105895652 7978045378 
3448465046 8146951677 5381369518 4510308323 9037496571 
6214330796 3860154481 6144955239 3511121218 9443023826 
9540578601 1646737366 4795652065 8725081592 7530571313 
4383569920 0489996180 4325495020 5219555020 6179277993 
0564245836 6587216753 5192817503 3449923918 3325623616 
2650208149 0355786124 4051834404 0381599135 8271738433 
7340452974 4999640599 1865666415 3561242430 8001626179 
3375092142 9658088283 2219570578 4317169794 6284551330 
9683824600 0369899618 0592987950 6603760712 4327255975 
3650882038 6360958809 0400380017 6047507866 9744332587 
7232154383 2599839986 4395011449 5415077009 7282265369 
5839438085 0912841104 1629096637 0127424988 1761634410 
1667423400 5068361676 4823271038 8942239482 0253086967 
2229252434 0750602651 2988576358 7813750085 1005688687 
4328274718 7323242898 4773354258 1504162589 5502385448 
