9068496767 6489282970 7281158435 1167607761 7260489135 
5851098147 8950842984 9836055936 5937105320 2059979044 
3697353401 6628764532 0637188693 8218978015 7321907629 
9810361256 8387648387 2698536012 9448160731 7618658066 
8059683733 8941198265 0087326242 6696002409 0883207622 
6117839991 5744021058 4278984506 3036014199 3392836245 
5402768350 9989720421 8596209020 1621015651 9223584211 
9488202091 2378392755 7185605541 6562054553 4719697866 
1235058348 9628212860 8208403497 3119988107 7259045458 
6337661085 0509582385 0307512842 5964285974 9471596754 
2592403495 5860979643 4019664667 2175723723 7070785184 
6466383706 7170299541 6983298869 1247281876 8027381254 
9629389876 0722340846 5709509894 3201654876 0479339467 
9468513437 3263039223 0933179068 7303169941 8007404800 
0687251365 9785795859 9478019949 6523427286 8898871781 
3516171550 5778391587 1386404057 8956591823 2137081400 
5871380883 6523047167 1271822006 0186088112 5726033986 
2403542067 5212769089 2108155226 0329300444 1018906372 
3659195711 9530302882 4858684782 5648830052 5181260810 
3542135181 2247158400 4627510592 4448705837 0954083531 
