8975215236 1034204084 5076413767 4234730058 8220343231 
6047463304 3506281423 2108294872 4090259476 4411891032 
2337404979 4740857827 7622048261 8219514282 1798112437 
2676625846 8951951069 9867374022 7323002602 6150597064 
2152746023 2699949700 6158235928 2822297832 8684019972 
9036537816 8160028841 1730673324 4966283840 3243536504 
1397536205 5091052197 4909579986 0595726941 3840242675 
5596748637 7429308583 1406648031 8445315329 0815321549 
4345828804 4293735568 0052766701 8000947887 3358860913 
6494945838 5268927913 6559434288 1741864555 9410296179 
2995812608 0970645474 6509023426 1840345010 8124033539 
0006107346 9412097838 6716277216 1370836145 1511050077 
2011704214 0575102955 1149137025 5453350206 8141165244 
7691784586 9435403411 8791350719 4728683338 9662476101 
1830170049 7261895611 8398981605 3909200891 1727724528 
2732995868 0838010737 8131400187 6067250126 9264546450 
9767337470 0236767820 1352356732 4262478880 4823436290 
0999633010 9765730571 0745086213 2187796828 0743439896 
4835524271 4487573058 3032180249 4521092319 9120417862 
9832110645 6189823450 4950543971 6180303956 8512653801 
