4922516948 7847955472 4186382786 2758232782 1299397820 
7428675547 1092498218 2446861479 5808140835 5004668755 
9626157906 1717590219 2718697237 8454724112 9855757317 
9374795351 8295584299 1336928140 5884804215 7153807468 
5311302335 4946272141 8440056323 9744587537 7275180714 
6601657065 0353750000 7800054761 0036786369 9111323985 
8621322182 2462464343 5010363223 9859670172 8992842523 
4113154343 2629303907 3595342914 4139338742 8218721484 
1861312790 7162685826 6847205954 6640356511 3327927292 
8367042153 3337815648 9787872434 7231657710 8118905881 
1592205341 3447767521 2977463550 6551109801 8114547089 
2170124410 6349239492 4242267383 4943940786 5465836386 
8597002601 9915416838 5586155789 6701272200 2322003168 
6195419702 8924757421 6667668015 2480824022 1111561909 
8290952882 9342278406 4903953396 7200864995 6965447075 
2118461343 4097785777 7364263165 8691698762 7495418868 
3133247514 5315900233 5440951714 9140813592 7319114619 
2006775792 1585633107 6125470709 3396116441 5088007272 
9394563684 9253271858 9155168814 7209601141 5405664003 
8921028118 6485459504 1190055800 7928394716 1996760030 
