1877000729 9166134878 1038991897 9927793308 2603333383 
3405791933 8601259926 6354350647 1009126063 4625238574 
3463526847 4929790657 8001728766 5968256219 4685410779 
8742184455 0471048251 1389936542 7994459320 2443898985 
1344256726 6932786132 9504851702 0426704168 1042398878 
7766282835 0193125454 9510108703 7669638120 6031276179 
9621889318 7778305204 5019481204 7427052045 7321254873 
3903930286 6808539289 8551453951 8307016773 7253391567 
9276903907 3362485903 4335147611 7870517797 6647101075 
0245076816 1655725395 4820094809 1105863173 2989175311 
8416036402 1950346357 3219594755 8600832082 9267512378 
8495516672 5064922072 0609741203 1293135743 5374521855 
4549830258 0415651798 6227801646 8937481723 9713381123 
6953637358 1105739391 0536917973 9293431977 5188032524 
3525860808 2755374099 9721015400 8004697992 7943422345 
4476897075 8031314906 5499764572 7199699628 0332692090 
8915583817 6032139892 6448802376 9100827420 9066808004 
3739925045 4122368497 1940977467 0467316737 8878520494 
1656447370 7132543728 3139540962 3181337647 3848894121 
8277568760 5827547211 5348406411 1928660919 8061422822 
