9552490758 8525871140 7213414016 3523811998 9127477891 
3139757468 2809342472 8231102189 8430070244 3999642906 
4445084478 8027668653 9463578359 7863301435 7430738552 
2480118057 8551630030 5948035170 2305291761 9376680448 
9745519006 2298141740 2254687938 5980914228 5837449414 
2946684056 7844786299 6873037366 8633975101 3910079845 
5883197189 3984042058 5178312625 5609907516 4256666091 
4485766068 3679374480 6529724037 0993339629 2834348332 
6610413687 1344725962 9441715366 1683256929 8746075193 
4900436754 8712450125 1738822895 9426432206 1718377059 
5166566490 3889623415 9034283659 2467623892 1543162109 
4739650098 6925708950 7504114157 8197189457 9948516829 
2399767685 2605909408 4769255556 0320947301 7988926182 
2947383468 8688478774 2147478211 2462900504 8761624209 
7572295178 6073395988 6964186053 9956912742 6110537996 
4864827288 2147298654 4793727051 1431036415 3995043024 
9248903898 7190473804 8121737057 2566371346 5147154131 
2220563195 6995297107 4484542325 7854093196 0703748062 
4328873057 4037414313 2382158355 6267142756 8755755136 
1820191763 3010862837 9725855115 6741723050 4719060873 
