6162770832 6296442958 0482797563 6308237643 6161545554 
0616980045 8196446706 6781024334 7845988069 2484772748 
9529826204 5169437003 7112019129 5353112919 7138017595 
5779745321 7970689981 0786979967 1161406472 5835573138 
5280378144 7946186458 2163474520 3985589751 2317136407 
9746838514 5592041450 0521772122 9144669927 8647652010 
0365397889 9709419567 7954229000 4143845487 1434885285 
5651763080 2992516764 4424768218 6490621512 1917234256 
8685160060 5859780896 6236688320 1283965312 2703074654 
8182119994 8225388143 0040168114 4503621167 2024446204 
8282967776 1601656378 9757634979 5548725510 8091057813 
3942034727 7448474876 9898419218 2808563041 6492602991 
7623036263 2250441829 6296521543 8562876070 3742186814 
0047386309 4501591091 3254210303 2561351107 5755828734 
7865626080 9325645074 3463372334 2240855858 1633853715 
3069458782 6920205239 5067272475 3690013980 1149643165 
9458297164 8686322048 4179521964 2449832794 8806313464 
6201089139 3287053134 5561503788 7692114592 7268505146 
7713559958 9063223865 0764778282 6901680360 1306170856 
9828863363 5339821664 1166133554 8040370382 1003445838 
