0815055830 3401797120 8224939095 0385660958 5571395374 
6347628324 0421751934 2656686392 5591774337 8325548207 
0386105633 0126237628 7698173472 8224250946 1531890702 
1508205042 1810397748 9407657214 9908324785 2854595100 
2467959739 3084110627 2522541569 6493892368 2735814346 
0772759803 3462643125 9827888944 1818491738 0268704496 
0388670718 6477083156 4787589117 8035430820 1318656582 
0343540734 2292834745 5769651498 6839150397 6141261336 
0789480997 5591648249 0625516855 3679482474 0509846496 
0856818891 7203699873 7579643980 0116529527 0277237226 
0193575557 2023263101 4768692847 6263628518 9304849269 
0926409854 7249364818 1412831689 3832831257 9566213598 
8355445206 6740895840 9231486257 5591105196 2200050308 
0204257370 0289966012 4136355648 8028033999 5694656095 
8857632199 2603000468 5397559802 8765558317 1070639975 
0666047614 8677763563 2261161271 5224267109 6736184025 
2910825524 4615388577 6660277960 8089830283 7068778139 
8492381254 5171789875 7790676916 5132460310 8755181479 
6001216762 0168554361 3887535111 1446464459 6594898628 
6850038429 3816775979 6191272999 0459134396 0428362278 
