5442685327 7974311395 1435741722 1975979935 9685252285 
7452637962 8961269157 2357986620 5734083757 6687388426 
6405990993 5050008133 7543245463 5967504844 2352848747 
0144354541 9576258473 5642161981 3407346854 1117668831 
1865448937 7697956651 7279662326 7148103386 4391375186 
5946730024 4345005449 9539974237 2328712494 8347060440 
6347160632 5830649829 7955101095 4183623503 0309453097 
3358344628 3947630477 5645015008 5075789495 4893139394 
4899216125 5255977014 3685894358 5877526379 6255970816 
7764380012 5436502371 4127834679 2610199558 5224717220 
1777237004 1780841942 3948725406 8015560359 9839054898 
5723546745 6423905858 5021671903 1395262944 5543913166 
3134530893 9062046784 3877850542 3939052473 1362012947 
6918749751 9101147231 5289326772 5339181466 0730008902 
7768963114 8109022097 2452075916 7297007850 5807171863 
8105496797 3100167870 8506942070 9223290807 0383263453 
4520380278 6099055690 0134137182 3683709919 4951648960 
0755049341 2678764367 4638490206 3964019766 6855923356 
5463913836 3185745698 1471962108 4108096188 4605456039 
0384553437 2914144651 3474940784 8844237721 7515433426 
