2145743849 1080662673 7203981596 8331145831 3277557371 
9396476213 9470369487 1344837965 3367208865 0760949443 
1067489386 2810166860 8093548762 0406295314 2683679016 
2232434421 6250096191 9886528250 1847807500 9309298961 
6878935144 0485278448 5210194972 9314912293 3664283836 
1095835911 7926697321 0503286586 3719619130 6498573320 
8661524319 8917751756 1330725336 9060628944 0140362467 
3579168612 4190767973 0721538960 9926091477 8003921829 
0966056780 5157424539 4812705158 2786560861 7662808876 
7548528264 3534579297 5109103743 2431480490 5099720134 
0093871209 9679922667 3274569721 9975739749 8352955663 
4445324345 5703262602 7829313689 3889629676 9149005111 
7916415739 6415162234 5962414387 9984997239 7210625910 
4524266556 2829601459 6790128617 6415352478 6433047855 
8149625711 1395603251 5036318374 5061942587 9073297479 
9065403378 1293234354 9647709599 4159702169 1810368147 
3383333064 1513877132 2151733984 0938174656 8333237521 
2452120426 3514948017 9573706485 7482558812 9624111414 
6469266177 4781738601 5615569677 6808063542 8081339262 
2226805735 8604395739 1627387714 3508484770 1866265316 
