9748886473 8682430941 9601892875 8912021387 2770961538 
4880950656 5320734420 5898497856 8214481099 3443271437 
9412923407 2975479326 4761829620 4036144364 1127465240 
4369175428 3585661405 9594332610 0913231448 6416420497 
6494795520 1717108651 7069812241 6084821707 2171016494 
8247980774 9180166663 1807604571 6395251838 6095827183 
2720865705 2982558926 6492312740 5067312348 7720349779 
9829560941 0636030516 5816819038 4801114703 0423901820 
4575837273 1652085922 5399475109 3890012112 2194266654 
4590867792 6913711549 5078966657 6676546096 2882777751 
9957055450 7297923666 2085235078 1689434003 2047543740 
4007621799 0918813510 9499396694 3134279859 9215806292 
7042138267 5621435340 5924672023 5020642585 4109685955 
1282959888 0167947485 3488276232 2608988214 2602796694 
9488339973 5380911531 0261572752 6061516646 7574723112 
6731130456 3021016442 7562827821 9148792466 9897532097 
8326529216 8258433047 9085478336 5426975843 3077955719 
5200010120 7872401988 1349498443 8436763827 0411742100 
3695116901 1180168326 9994661201 0086053209 4157901928 
8976139784 0351651115 9934642044 4148276820 5455063418 
