4830616197 9946027048 9648952438 9702584341 7177319031 
5330932147 9805420208 9619512507 5929364901 6278147407 
7322477257 3220191350 4568055999 7856927754 3054657879 
8428594684 0858678413 4114538241 2407206567 5598264826 
2576190303 3834174251 8485385403 8470371006 9087650808 
5350864021 7621010156 7282914356 7367711035 1164397836 
3440428302 3478073545 6691438177 0474508945 8721178783 
9154166530 9247269795 1952686392 8233003716 8506787620 
7877548178 3910819732 1829047879 9329139607 8874176833 
0818653181 9994065979 2678221322 7134596324 7140952946 
3076197396 7499846349 3636097580 6725366155 1807859814 
5349535821 6014802602 3317625201 5063663993 9135142877 
5115353212 4112251505 7065723115 2085376502 8432210158 
4061898257 0047043917 1864907241 2089171456 1202491730 
0437993499 9420658663 7985787346 0604806192 2811946433 
1562925686 7108796971 2349623640 6193738811 2180207379 
1598180109 7590801132 7225784300 2501113788 0349579204 
3918992883 0051624292 1760033764 1079337196 8133192067 
5829918260 7848524757 1177524201 6834934819 4140053916 
4639352182 7371048915 0036580479 2597615834 3651355349 
