4384319150 9214629308 1995018359 1670942530 2654032980 
3249676158 4396347114 3532471437 0392214861 7843828261 
1386688552 1598461344 5058033026 3691439417 4355991753 
7871666881 4004529689 3435198765 2723008458 4655015656 
5989521130 1104852881 6939415686 7063517831 9221855955 
3050002986 4832544477 4777199550 1650826588 9671396408 
8988056795 8066916065 8060940485 1392801022 2769761561 
3826083190 7603324548 4652866146 4942948396 6773300807 
0732006751 0426251414 2962447145 3687509706 8785066005 
9394026518 7786103276 5470280632 5729906196 8975918873 
8667230511 0123794932 9259764957 4826255195 9273944717 
6400925561 8521185772 4430888945 8931304570 9752725867 
0714556514 2360341819 8903151954 5721886211 4917103453 
0596578450 8261868074 3649773583 1757700864 7587996432 
2744548950 0780966711 9616215136 7695085308 9233612386 
6628348110 2939804607 4355342727 2442810490 3280756767 
0033772711 2094912843 4487450813 5688221560 3305043883 
5175410814 8303753443 4208412208 1683605813 2623457677 
5427931619 8604543050 4448510555 8004116794 3376713205 
5814705872 7208825360 4731064967 9318479637 3527884478 
