8520587318 2866006563 3493256023 5908889835 3777250797 
0200505414 4021055946 1072076492 4409136337 2278973994 
6639751234 1178836631 2509006141 6232276570 2854104850 
6797449812 7181467643 0841410300 2375256537 3049527672 
7548454599 9787163325 3310506190 2402151814 6810014651 
2628510397 5983941288 2369862113 1831524776 4967957774 
4191332394 7985528716 5302319986 9802398398 4731981788 
1713331034 4339890837 9580000513 1965345233 8339010909 
7044471434 7942650262 8574031518 1520354650 7282311838 
5198658029 3621352243 7975431938 0198343291 4312502757 
7667543168 6988860286 5677013500 3725896964 4586868341 
7647387839 0665444218 1923585773 1078700231 9174454287 
1416003026 8283724049 4643603478 7690357332 6188114310 
1081321885 5279858973 0345053440 3303722769 1514045318 
2361878321 7199889890 5508290896 6241976585 5980578341 
4287373064 8098529078 2145941126 4949921965 1136125677 
7307699460 5802064072 3918086690 0201756956 4175955272 
1135933758 9791160475 9823155872 5356445682 5714374658 
5668898203 7370549704 5290715846 9737635558 7060928012 
0176978053 2935796783 8079502279 2200105201 6768988732 
