5410838931 9250907174 2888108107 0862320755 1018480041 
7696968262 9039239983 9381162366 3847871308 1932018555 
9267865898 0709850229 5373949421 7542469625 3547043954 
7324133924 7648521037 6117773112 3138500161 8713047106 
4778393248 7585006361 9911967787 7532680713 9246898440 
3882659360 5108546523 6922261927 2403499121 0383162262 
9724114408 3556868049 9807460483 7135925207 5390170144 
6937391640 9286486391 9053757393 2945565367 7543563294 
8953085479 1973561811 6894346944 3443643030 8714442549 
1060982948 2881581159 5635629933 7794739220 9785110406 
7216644803 2053106709 1303759488 4345787343 9847370765 
3747404793 0809034382 4433970583 0532695856 2998479383 
0480817797 5089019323 9788196447 4728134854 8648563997 
3679076903 9302521285 9195095945 3303137975 1852981866 
2620117612 6095321392 6339182718 2563275830 5911893721 
0691577643 8388722784 2285290091 2261251408 0523150812 
0272624773 7066716153 7297962365 1717118309 1817152280 
5265375933 7375581282 3486429693 2266784713 3869598876 
9158095081 1504993633 7356905900 8428920070 5482525461 
7689541647 1077801175 8607143286 6240448305 5236425937 
