7579855244 8696080726 7305907650 2488514081 4761891799 
9896292907 9540606916 5098627507 0330910088 6611993183 
6534781106 8950055323 2123231040 9943156697 5712843211 
0589272907 5626652983 0683461268 8174350276 3445734873 
1308127878 5396682594 8045024450 8994538506 2622281565 
7206656259 0807106009 0719474158 0643428961 7313151570 
6055811399 8960765684 2772395481 2062465492 7922466441 
0867393017 0526784065 2247504105 3604323508 6881525438 
2188405781 5229519878 9560649956 0698274532 8922732703 
8537584520 9270924294 6673468959 3377789658 0676951285 
9044905739 9130794876 2539798998 9468534486 7084276328 
4764409804 6534885512 0943606428 8937383710 5351559587 
9507510368 1999586009 2479405220 5154880777 7499830613 
1379026412 8273715757 1061281736 2497836474 5020722775 
6195212674 3273581685 4961196988 8258311261 6695052224 
0218811466 9306257495 3847086995 8657459988 7892786847 
3871986438 3790480463 7462228161 2687127634 5113094783 
1661759970 7595085332 5746028493 7400104364 5034556580 
4494429503 4531833812 9078508883 3385837869 7710849820 
6651020627 9570766983 3445177934 5271803769 1141020755 
