7477431542 9329032629 5321149788 2620351598 7412546422 
8843952777 9549928956 4754347105 8985851590 0550849005 
6969036939 9463805412 7440782720 7958812061 0950182666 
7505282910 0428644011 5969091560 2602458721 1745604551 
0940768469 7973682748 1459790404 5521904841 8011545663 
4783353438 0881534140 3723981788 1907757630 6472338368 
4807661718 7887525444 0731865830 5011864756 3203017139 
8339007898 7542441102 6277749259 4557872631 5160874870 
2504806203 8162606284 1567542997 1100845723 6079436838 
8317756971 1607177476 0197736299 8608470922 5612419033 
4430386806 0751607783 6502789166 6283609317 6759695530 
1493681279 7935466652 3938986549 2208212613 2776378982 
0294679958 1624398705 9362391705 1175070504 9392442937 
1228752072 1004790036 9520353054 1747026881 0031314275 
3117445624 6407354520 0130335154 4161161284 5306363822 
0620318271 4120347105 7333057060 9561041999 7744129437 
8972333619 5293680711 6294649741 7467460616 1944284195 
7715064212 4491154067 0731221384 2064141269 6715456643 
8915947177 7969493519 5834684336 7832214130 3743107342 
9174373437 6354415907 3773807768 3355454522 0416075583 
