2450014127 1289974101 4947054886 4724341589 9129609228 
2986240745 5160589149 6310210005 9587134719 2097972398 
3683128011 0175264318 6861118351 7017358675 4064926579 
1513740582 1629724201 8837510297 7202769228 0780173235 
3658524866 1037355246 3605197417 5871823490 8738197745 
1996041351 6046880860 8272559061 0482822257 5767463581 
9166290343 9070547597 0348090440 0430433331 7413461423 
4541274567 7987258923 2409091510 8730592024 2790014967 
3701513477 2151425714 8023878189 7278909931 9232118851 
8040030497 6289387311 9886876339 7705690319 0741451762 
9750558295 0790551571 2897726034 3546722251 8751947227 
7750347806 2988815802 7640883058 5887321140 8993562565 
4452632562 6293042854 3993328255 0329502893 6990777054 
9029470796 2200839029 3221444112 6573820895 6854344785 
2253558437 3126933754 7937659943 0699100569 9082156031 
4508198864 9438948867 9597736520 2377638052 6949555871 
4542706585 1747444596 4682352694 1056851933 7370049144 
8623760659 7957437429 4931376284 9542374769 6298423620 
4040699032 2328625482 8223354201 6522829128 8443421575 
1270602021 5383178452 1856484115 0669394364 3644633903 
