2946286921 5001200331 7372231594 5993702440 4665464401 
0709546377 8627366769 0456425997 7586034142 3376275925 
8536312643 7089730757 9552699685 0313206909 1830679132 
6542030640 0314824559 8623926575 9757317759 1286253089 
4654125166 2284071633 7014979026 7384325301 6190101372 
9788646954 0342569455 7263052203 8762942326 4806499623 
8163085500 3126516805 4478855681 9973108967 9575544268 
3922048513 0919026882 4033771201 7786398604 6398002560 
3720606929 5346015367 3513009351 6649047599 6904153484 
4228406494 6435783962 7395979697 0119995996 8970550071 
3980267143 1539123914 6116135818 3406808760 5346672553 
0504223979 2809656622 1091111847 7896503351 9003128193 
0814047064 7874036715 5552114034 0703039890 7223233915 
9423512652 9717112144 9159128746 9696454455 7092280434 
7338410138 5887428050 7251493201 8367654986 5442619068 
7675030397 9569390242 1343747525 9202844493 7070321982 
4095085287 4392941278 1595864754 3036695336 5464650438 
1229553856 9601870814 6303600068 1022319353 5677588422 
1706627177 8752289539 3749739449 8460688195 8992605790 
4266324281 8188329768 2570878308 9016435405 4641753677 
