0306698831 7683310011 3310869042 1939031080 1437843341 
5137092435 3013677631 0849135161 5642269847 5074303297 
1674696406 6653152703 5325467112 6675224605 5119958183 
1963763707 6179919192 0357958200 7595605302 3462677579 
4393630746 3056901080 1149427141 0093913691 3810725813 
7813578940 0559950018 3542511841 7213605572 7522103526 
8037357265 2792241737 3605751127 8872181908 4490061780 
1388971077 0822931002 7976659358 3875890939 5688148560 
2632243937 2656247277 6037890814 4588378550 1970284377 
9362407825 0527048758 1647032458 1290878395 2324532378 
9602984166 9225489649 7156069811 9218658492 6770403956 
4812781021 7991321741 6305810554 5988013004 8456299765 
1121241536 3745150056 3507012781 5926714241 3421033015 
6616535602 4733807843 0286552572 2275304999 8837015348 
7930080626 0180962381 5161366903 3411113865 3851091936 
7393835229 3458883225 5088706450 7539473952 0439680790 
6708680644 5096986548 8016828743 4378612645 3815834280 
7530618454 8590379821 7994599681 1544197425 3634439960 
2902510015 8882721647 4500682070 4193761584 5471231834 
6007262933 9550548239 5571372568 4023226821 3012476794 
