9752140149 1698161349 9304491042 0427417299 0731837969 
8513124559 5860639919 9659668996 1080050494 0072963970 
9895951757 4634950113 1523954054 3638424771 5767305796 
8997809351 1231012700 0606831560 1347056168 8420818621 
0590658438 5468535226 5309940809 5506864518 1964310455 
0056985286 4036972272 6449640722 0910728050 6565175900 
5363319425 7188261901 6852091109 4446230493 8727622601 
3009665098 0181502161 1618931499 1755448664 8451019396 
4089242453 5185862966 8535880723 7025208629 0396375135 
4424084167 6796106254 0774535439 7187202203 8982925881 
5048817462 6321440193 2459126384 6776453878 2149003218 
7360528840 1615814676 9340972434 2496695967 9745512952 
1524754130 0383824175 9677554225 1548689034 9846758461 
0663159419 8812117971 3345250927 5307014085 6142635030 
1527147370 8797902296 6356830017 8799028808 4193893922 
4918844891 1767008038 0387588878 0169770111 3453349115 
3480210658 5087570025 5173632568 8200975955 2748712253 
5718255169 7875315095 5690868985 4648379484 3035187061 
4923135734 0296313652 7912761526 2306104314 0923956535 
2297493261 0180235741 4494002010 7575292488 9589293245 
