8035188934 8336232266 2110704722 2795178964 3113533222 
1513311128 1302699657 0565423666 6071242736 0675833767 
8351910125 1099443703 0462907634 6614964495 5996730321 
2585228400 6812886320 6013843915 3523932091 1579060473 
4139362973 2349275918 0894233656 5260939483 1336481029 
0643586311 8308259658 7859784715 0234490787 4767879956 
6742485205 1040103999 7571039402 2063069173 4742020896 
9917560052 8889873675 9396629367 4017209821 9541833712 
8233932862 4773171964 3862566531 4551269922 2367766777 
0819864349 6799841526 0451946404 5901639578 9604927913 
9291043490 2756838172 6840470522 9814089067 1314915262 
5044175452 7101123578 6801298936 8284933913 9638336607 
8142291794 5543449168 0970664913 1884537812 0257962155 
2321288398 8829483096 0254154515 8301556456 2313284503 
1741857697 9979910789 5565679960 8252916553 7586122338 
3807006921 9579639419 8374261176 7676910050 7357501471 
0412739177 8359634794 4115924160 7409649189 2386416231 
4431509843 3799999574 1238608455 6879065017 9660465904 
0119009310 6491459764 5508744169 1709361597 8054671746 
5899301704 1375390468 2544419849 3069773963 0336143300 
