4032263704 4138842456 4853196000 9102403591 4860434195 
6718891985 8561565546 5775089014 4317771286 1645686219 
0012845946 0742160742 9571045831 4004620124 6390110210 
1932368874 6231874639 0639051846 0908247466 1222258683 
1716989063 6064025404 8935087506 0019353832 3584777977 
7771841566 9271122400 4455167705 4193107303 8836943879 
7889046242 1759004666 6091040163 6227006450 6716725632 
9813561916 9577585613 3339039827 7599652250 9904038709 
3278986221 5954943799 7063064807 0964941770 8005812270 
5593309162 1184400463 5893785632 4358641910 6154006820 
4787901621 4044578771 7398102952 6071730009 9121797113 
7542433348 8226661867 1805934535 0035979406 2610169455 
8948798528 7382394619 2592738300 5865786236 9012719296 
3826592639 3781959687 7763449192 7813839152 7346851031 
7128350116 7754128969 6340176336 8803347613 2425006547 
9448355160 0242312566 4608010786 7025860376 0993908004 
5175626009 0655554130 9840427357 4300500668 7743313528 
2061707299 0338937053 2225467004 2058896404 6523936142 
8307918540 4169666783 2407095595 8770942320 0941561095 
5534334434 9138543884 0861082486 2428985961 9741256571 
