7042400678 7671236859 3537227109 1567040606 2194347260 
2040994139 5472013175 5244915834 5944274919 1929135023 
5583440418 7206974345 8860538337 0185897657 2062254668 
6389914740 6171384409 1114054244 4892418125 2805873784 
4437599033 7027144323 2078520464 1931475594 7583142919 
4169719062 9769790449 8821308019 2587590485 8757010280 
4989009276 4667431817 4193127387 9879190866 7056460174 
1410451836 5473639211 2018312726 4213529907 5075316741 
8604113908 5079174044 1726580092 8896640035 0856182993 
7247213684 3413149569 2957040198 1300160608 7541279574 
6641903179 7332593924 0210741676 7024235351 7422118285 
7151618329 7681422260 7309029636 9487133088 0778555666 
3239728334 2252706565 0730725189 0309039502 2975145545 
0814134444 2816541436 4410492175 0622706436 2861017571 
7112048366 5814970582 4635780075 5045626453 7446280525 
9328415678 8579850690 1058045279 7562628572 2083047835 
4366813133 0317233238 1352647075 2577952330 1528916639 
5286543189 9957317457 8016782672 8146022264 0381899566 
9379948424 2109824897 4200882331 1140013410 4409516093 
0831309054 6550315955 5154739774 8022146240 6761105271 
