6137579986 2835439696 6578355245 6700793604 9751876795 
8500434785 9444483487 4734552599 9632392588 2010445287 
8957672333 9110852081 3799484234 7153189526 1281875108 
9051213546 5496924606 6557673451 8571774051 1398090050 
7493228007 0940569206 5544287992 8976809138 5328823923 
1274264963 7907197997 8524909030 4609585020 3281301188 
1918979875 3861277050 9831126796 8672117810 0609428860 
3341607408 0204485324 4141445794 5472105469 8929166499 
8194159975 0811708399 7585525312 5347930707 2377194823 
7383367606 5541850211 3337357535 7116049840 8863069626 
4989015115 5629827792 2304333498 4493678391 5198562685 
0432520084 4798554629 6912629978 8313029363 0646337045 
0331552637 5204047392 2415707285 7779988029 6353289006 
9840076781 8969756354 0217661942 9442475372 5649845722 
6550678735 9093405723 8979378191 4608031982 7113924804 
9794110049 2298143175 9499199310 3280897957 4725337681 
4606174543 3132644892 4803701346 2642669263 1734244357 
4270517747 5650675563 4133360059 1783137637 3759203890 
2042651716 9186542244 8413609465 9863626775 4333221729 
0972806772 1218122945 0177664232 7167331091 9275233772 
