4245059080 8589275655 6434411548 4438889532 1327028560 
5406006435 2403401177 4394263831 4926942036 6767731249 
2334460461 5279222871 1747373206 8207379504 0775380702 
4875139736 9748722080 7941836272 4579267158 6058756843 
7382569660 1528845015 9363605799 7648795546 6689796317 
2764144582 6714098393 0260584443 7311832195 2735782429 
9238053046 0979253217 5952943764 6696717859 9565547975 
2601048111 6090019255 9877031603 6928905354 6421969361 
7900985472 0785512572 5975325768 7803418428 2394193011 
6764712780 2001324490 5417068719 4060874864 2509924900 
4124377799 0256723623 8752134487 5468680180 5700267716 
5904571741 6750935853 7466327846 6147170222 9127753816 
4893581403 7542041316 3179662046 2601683005 8358402780 
8425084706 1028563214 6763492164 4155965653 9951244111 
5272252098 8557631807 8808628374 4439537336 3866289139 
4399045918 6935629799 3169132074 3108491238 7826967081 
7379838027 6007328352 3713057038 3538812019 2178074557 
0539213125 0482197669 3406394280 2345335096 9805452191 
9641649696 6420519223 2229332522 4980990680 9438298608 
2393386867 7395445267 3632194440 1598659040 6652867020 
