6510049409 7867130245 0896050636 3114749789 7543186327 
3763793202 2795300108 7717684402 6182180038 5909060770 
2934597864 0932969511 2338532614 9456558596 7711754424 
6194620867 4178988143 4778027023 7891838654 7507367250 
7012316459 5421042303 6825301549 9272923049 7065006887 
4455290889 3664655148 1938480563 7455447031 9717186422 
7209658706 3004983436 6571830309 4585252856 2989254613 
2607901723 7462336013 8208947640 4721767102 1078363530 
6328391852 8942630970 8352418426 8806663972 4543519498 
7459495272 3688235110 6475938370 5313614945 2332629900 
6061354420 2079008007 8443591851 4238109540 6246359288 
0074917472 3260142829 1506647356 4694914907 5313040411 
9487461275 8425172542 2993376561 9132283441 3615968845 
1230509792 2908093477 8061000120 2430793367 5460695671 
8867847589 0291671628 1510479109 8481996879 5053757476 
1034383928 9298183475 5913533728 3428884922 8539396595 
0164594229 6849021635 7698460365 6667706884 9790614937 
8958662389 7851395030 1955252071 1594791624 3038057133 
9104412351 2797717425 8949971813 2089939724 0945763050 
4381765420 2377493729 2923666640 8582635630 4701889428 
