4713662179 6280779475 8141064720 3968690057 3358837832 
3839385156 4367692910 9532126309 5302372341 8877637759 
5132558571 9886841563 5114346544 4921346183 6258200177 
3911196356 5973620917 4802895107 1191193121 6161504935 
6614001989 1540677191 4740604502 0084890078 5210448984 
0715587249 1318142412 3745314739 0958592854 9192619551 
2752815404 5555489486 0530439518 3055163865 2963511435 
8554267895 7884332247 0303223984 6296940370 0363866705 
9755189622 8216684947 2155167994 0102372605 2761920617 
5045604966 3717076263 8459530053 3444387899 4432854366 
3014641420 7515026765 2998714841 4838592420 4684351505 
2858926483 5412959996 4190638362 2255006162 0298517908 
0799955171 6142892743 3221628069 6351216290 2965050345 
4559800242 9203806611 3122499875 7487778145 4333495781 
3655800830 0458790545 5655237596 4308994728 2941565846 
8980629431 1272597554 6930218879 1273103530 0216864227 
6336610318 9051108633 5963986070 9747374195 5293417850 
7801365337 8687767911 5147383325 2513002371 9102358758 
8679803938 5529704998 3218303899 8533373533 1510345804 
4340257304 2275868260 9723983422 3150176408 0332731762 
