2631967565 9897729718 3942297165 2277619673 4085734441 
3747591477 9317933398 9243599405 8139603228 1346592478 
5587565505 7515942861 1613176739 5528348150 8085185207 
1547951439 2667287510 5744138676 9718902087 7761195924 
5935929086 3839696200 5768650996 2930381814 5491280734 
1809720403 2036336676 6499443919 9362641452 2714507350 
3705907609 3857524400 0094748229 7136237721 5926308360 
2213915885 5909461407 4069763012 9708656969 0667624421 
8618363552 0472790353 3175309360 7797787984 7080239021 
8595874487 8960745237 4905628374 7418931026 8062804817 
4338130019 8221277706 0921847008 1525232714 5986723437 
8543104978 3904364930 5860764535 7560259838 2816254098 
4963998318 1129718814 3863954265 4408280086 1930572917 
9956888798 8182572440 9230860777 0862635131 3609463097 
6774099702 8472766829 6668542908 4540520229 1900303432 
2471898204 9938248060 7516387279 4566894084 9736665162 
2813369488 2858339531 3505021705 3611181750 2101016960 
9373728821 7468389261 8068718872 1171220320 6733649831 
2812545726 9276310564 8258790106 8575208080 6339287513 
6481758375 8109695596 9933848419 9106269224 1136561171 
