1295479677 7812386239 3493414008 5470537845 8378285151 
2327987308 8409373572 1100458603 6545449453 0186810732 
9376110867 9782828034 3661333397 8053861486 3594371635 
0087711931 1955984802 1828992677 7976940913 9308492689 
2397161087 5162598136 4642795191 1630339179 6129190017 
6095322165 5734911037 4712094579 0041860289 9221551175 
9156830362 4947160865 0518632279 7429561365 1983035189 
7142876022 3750716059 9904685227 0284824202 5700962993 
8279147818 0154066416 9179259696 5023061674 9677247841 
9474142009 2429772971 3888325116 6552227303 3896444730 
5270490241 4772756471 5409237680 6641652822 6112216605 
5190351049 5321695382 9995701741 1465102998 4898251643 
9056990939 4598682049 8552583128 7644568389 8434210936 
5894310511 4075558384 9278936997 4095013891 9882124799 
1620988839 2435587365 5545237536 2389064107 2663136573 
3868871501 4376676574 3928298320 7346131403 9495261709 
5308448965 8005655846 3095232963 1871245183 6616630427 
7498527362 0234906785 9155769362 2053472426 1112532638 
9143025289 3766737392 6286064609 9166425839 9987464743 
4141639526 7773224693 3313408989 2282135236 7160956282 
