5226448209 1023564775 2723082081 0635188991 5269288910 
8455571126 6039650343 9789627825 0016110153 2351605196 
5590421184 4949907789 9920073294 7690586857 7878720982 
9013529566 1397888486 0509786085 9570177312 9815531495 
1681467176 9597609942 1003618355 9138777817 6984587581 
0446628399 8806006162 2984861693 5337386578 7735983361 
6133841338 5368421197 8938900185 2956919678 0455448285 
8483701170 9672125353 3875862158 2310133103 8776682721 
1572694951 8179589754 6939926421 9791552338 5766231676 
2754757035 4699414892 9041301863 8611943919 6283887054 
3677743224 2768091323 6544948536 6768000001 0652624854 
7305586159 8999140170 7698385483 1887501429 3890899506 
8545307651 1680333732 2265175662 2075269517 9144225280 
8165171667 7667279303 5485154204 0238174608 9232839170 
3275425750 8676551178 5939500279 3389592057 6682789677 
6445318404 0418554010 4351348389 5312013263 7836928358 
0827193783 1265496174 5997056745 0718332065 0345566440 
3449045362 7560011250 1843356073 6122276594 9278393706 
4784264567 6338818807 5656121689 6050416113 9039063960 
1620221536 8494109260 5387688714 8379895599 9911209916 
