5134923485 9268040735 5181536071 9656739502 7069135357 
6343437674 4311724908 4553776703 2666988414 4911480888 
4801324930 2584381770 1187856663 5729353987 8114064658 
8369417283 8736570843 3757510447 9912359736 5972434455 
7427183847 3362051640 9860393102 1959212112 2572034365 
1001396389 0649452967 1420560890 8617698288 3163882838 
2522970765 8189611895 4572982581 0733945401 7277497834 
5406877641 1077800440 7429296639 8079580266 8931294689 
0891500618 6184189218 5304164332 2169492782 1339211827 
7190216752 0208059672 6274946300 2805388777 9459621856 
8307438429 8925646302 4089063366 7606473897 0496873626 
7734714319 3464378269 5278376028 6146583892 7893362323 
6160368696 5888599440 7170901438 5765008562 3703570747 
2881230042 7764747470 3779463200 0554372747 3658472402 
6183902508 1850203994 1310950397 0812481221 0776128324 
5956399564 0730378422 8294941790 4179913536 5337060929 
5358041284 4901956771 7436326558 7334302844 0148149907 
5465103281 8138782109 0721433983 7454150957 2180872332 
1639314118 4885404882 4761331564 9935403031 1313197143 
8856668338 0217666836 0829503236 0405951367 7592715516 
