5679680295 8597338036 1344069307 8137573011 6130026579 
7024265591 7863431943 6264662301 8687258796 3057556366 
0782899695 3634981452 2388660073 0147718791 9864160661 
4390805777 2551924487 0708291097 6735549911 2006123175 
3618478131 7654395572 9503854529 2365366941 3348562178 
7892615474 0456150452 3088531184 3897833507 4806994480 
2081583047 8029291395 0274218678 8691980176 5554681814 
4544307419 1102292721 9318644407 4979031725 9939771362 
1809971117 6146890001 3772407009 2348499633 0832030429 
7321967582 7894000846 6523507115 5111834810 3201448352 
9474488518 8632413303 9606763958 5766239272 7435386476 
5533259261 1391601058 9720694912 1604194384 3627692250 
2040836018 3481182715 8553439255 5374582362 8255237262 
5331435969 9646366678 2559338210 0917598744 4402718522 
5129064251 5745359479 6130527189 5994888478 2435317225 
6275413109 5998504427 7475352638 8871189264 9770717055 
0220105682 3253071154 3895647583 0312255116 2876396883 
5143262728 6298152407 5588799596 2098043946 5968893295 
1904490105 7419141998 1498587900 0053348961 2069163111 
7546825348 5829007683 9537662641 4520527393 6078651380 
