5722415068 9718558277 6538952151 3585658976 4073014881 
1113373869 2458889098 2276022973 3951244135 0751003872 
5894820664 7854453929 0551160492 5465568301 7922363526 
3775546268 4090494780 0372684716 1026495088 2620693574 
8463164396 8978962700 8337630374 3017561945 7389078848 
1042430928 5523631029 8355174517 4544660652 9767081994 
7432059951 6529159600 8715652115 4612967354 1395732775 
1678443484 8645983391 3758485625 0554601750 7922098835 
8771933860 1394896751 4833763802 1390341529 0428362645 
3763745808 7828153790 4708544575 9676142103 7723612329 
6196402292 0228951469 6881144705 8289309803 5700150410 
3694841705 4728692275 1970446946 9729203495 1969766217 
6641436203 2109874971 7299081440 0037157392 8189152840 
8319742294 3733677477 8258709218 7172252984 0693055569 
3522583678 6253877699 0371083298 7797950516 9169629957 
6070266248 7725611153 2102452287 1797030937 3800563354 
0592931089 0187400495 7513305645 7554686458 8192534437 
2271704841 1076045834 5052572429 1768442356 1001394566 
8245660428 8000474072 9261916575 4409533650 0054458333 
1333348665 8197274927 6001242323 8225171846 8930694085 
