7232461554 2392813887 4220276616 9379793566 3441045037 
1155982367 5771431249 1279623141 1501645288 8044094239 
0051734645 6378036293 9532778780 1636044104 2759186420 
2516771182 3591081249 4784489548 8072585512 5745496079 
9569180129 7131720540 3842490960 8736362135 1310975286 
2098622426 2418742435 7837677291 2641791880 1376752003 
2056332618 9241018616 5130348102 4400685680 8606110481 
1294274090 0937527485 7858586840 9229731577 9366886086 
1996442907 3615749053 3034510746 7921392139 3573414693 
7826784053 3131992354 4330346071 9515520570 0661001169 
3010611464 5564891680 5009145005 5613784940 4543693134 
8591061841 9330189545 4863852198 6008082004 0286332226 
8577928659 4749900693 6075105780 2347420150 3531773730 
0836494989 1672893509 0935421209 7520747272 5043666188 
0061334959 0930611407 1104645992 4475971754 2401996540 
7306540841 6973523925 0415635500 3902644002 9227515519 
1086294136 7236000269 4120712781 1308763653 1615224433 
5162266919 0123101713 6295013316 9807700976 7031225923 
3409954235 2764898442 0891092439 0275648161 7004072173 
9272566024 2958371557 1067168541 4187130035 7131023054 
