4725937706 4542064373 0283814784 1910218688 2184665671 
3832612826 3780697530 9886082906 6330396698 4683962467 
4768851145 0649131518 6155246294 7924811159 8731109079 
7711529805 8809209285 8162277065 2756777195 3931120357 
3194334593 4347337295 1899415721 4722761903 6780043087 
9590479992 6642428196 2016300988 8371488450 4398012244 
6245560266 0408616133 1997232849 7876159317 1268140040 
4505618966 8690984708 2394137085 5181326199 6376889702 
1241523137 8187331300 1560112199 5657035414 1065353563 
8452439655 6426727217 4345053170 8970862034 7654758674 
1281464071 9792280574 4695406849 2795994590 4582090187 
3176586616 2517873312 9693572624 8763018274 8053065600 
2946241810 1514313186 9024087493 8411242158 2150837307 
4128337310 0322266839 5769073506 9881768275 4848177304 
9953913103 1846532783 8386562671 7476001806 2788758049 
2540088784 0392798564 6496451552 7892734502 0015410031 
3190509627 1080962889 5237689828 7265139140 8194511671 
9591666318 1885337312 7982279478 0963841863 3081232493 
4368273270 8847168484 0823065106 8049840198 9966141848 
6821929237 1243226293 2844248302 3610179839 1004269904 
