0774479919 0837610211 1123960672 5071929979 3136517706 
7316450479 8623225519 7970299256 6531510159 6604596690 
1508870688 8298252728 6405989514 2504765564 6438613971 
3909302025 7194585582 5271392719 8113277588 8695544629 
2060520268 7675221367 9668274687 7587452876 0778634491 
3826995634 8008254414 4131825347 2049480142 1265432982 
9678466860 5437790613 3891020607 6538974678 3799090419 
8226428291 7135698004 3472466696 9930157511 4953715204 
3740319181 0795486894 3240622909 4586232624 5220966757 
4495285660 1646578736 8842465402 6560457697 3290012958 
3787420171 1510057426 5974925332 8682586625 7024583781 
1521822012 7757607872 2787536254 4176785168 1849197994 
9497649100 0369349095 5081945020 5563811224 9647967662 
4965078580 2327123689 4462286697 9631971539 0249901099 
1176720532 9659201024 3274158366 4628510351 9400541457 
1907148638 8246944690 3822456883 8850078244 1039250163 
5971537484 9056945245 6053125403 7917603310 1653477500 
1998649580 5835536614 2071699741 1733105525 4042055211 
0773185810 4589461046 2735580709 4714668352 8783522244 
2439519510 9596480193 3997282254 4123729119 7533523339 
