7882005003 2094830778 0662833646 0632466710 0180087066 
6288977157 6131803944 5308517785 9979679161 7562364245 
7991318747 9952951873 6756020672 4336078627 8316446550 
4713334255 7745622032 9705837065 2084614814 6180327955 
6572311289 1379150610 7878236724 1706315742 7908602758 
2680483282 0482530595 9448653553 0533557360 8943668378 
7788779088 3577331658 1566564046 3336311789 6557755386 
7451359654 7437928824 4327761776 6529977537 8844321226 
2675878961 2663833068 4384900580 0577613730 9460432457 
3314159787 6165553722 6301616423 3534510023 7463536829 
8942478242 5580648076 6433618052 3774156314 0378933712 
6999008115 4608408142 4058692844 6408742389 1245775193 
6646699463 7359158441 1931779500 8584806528 0520451386 
1789723299 1096461177 0976297169 8805474148 6404035888 
3927950040 5680966882 6825267833 2587535835 1600505794 
5853148483 7770296761 8326360649 1366056471 1850804916 
3591118168 0573568625 6767574836 2796259542 3144408426 
8694441780 8465459001 0983008324 7012732767 3251862965 
2810119875 6674251237 1854719174 1964461099 6381436922 
5276487686 5242964332 8488026710 4880448880 1559106447 
