6982918336 4432563837 9834789224 9924247347 3474925585 
5729315186 1103453413 7335672274 6257827671 8755128522 
9615719350 1863251721 7599994227 7944125127 6949166596 
4117645331 1307678394 3587557015 1126833978 8077823089 
3276729219 6739065650 1679098849 5989997183 6201837724 
6697916468 1588840040 1508326413 3901702440 2863907008 
8310664906 8349767628 8008809713 1577264334 1647052515 
3647177306 6139272240 5632571001 3972998990 9559374773 
0559636348 5600615984 9612535183 1074504282 8059910113 
5615276461 3718732307 4054864438 7095103762 3912931744 
1392679964 4747323618 2136331185 8580406993 6583777606 
5584149533 2832660287 7854696894 3002292685 3101934301 
9873705871 7358218098 0066938912 5076625708 4746595062 
8991846834 6949911962 0505628810 0623524340 0502407512 
1256597621 8356834552 2576684049 1652515707 5841461441 
3289520970 0930687290 2271637056 3859061059 2169694573 
5131229699 2925835675 3188344521 0953757017 3563261816 
6442459183 0719173259 2805373518 4818309872 2945626217 
2540444189 8640397503 8451360611 1006210718 0886892905 
3885565380 3212319776 6450079788 0892291390 7197183215 
