5337660714 6881588861 4665937080 2181184864 0949124415 
7801586964 7372390959 5858031173 5493963934 2323981218 
8385832226 9062273043 6915479647 7329036203 1023158462 
2821186608 2858960816 9094090006 1896442134 6173446825 
2143386306 0864107649 1303096303 8606156122 6947756727 
0566164198 3226612829 5594054185 2670099389 4418145266 
9981512196 5396719051 3843135365 5032131380 6824245173 
4889475925 0312419248 4175255740 3818235113 9026163553 
7093686468 8471015259 8668200629 6660433267 1588470284 
6725282736 7513636915 8934985721 5149576969 5739379312 
9333387868 5870155864 3847212190 8813119471 3370873382 
3275000562 3992374477 1721034792 1689995870 0150469805 
8956236518 8542682939 8566671272 3058331747 3946798938 
7917984475 7263966997 2565150933 5049449623 9329894118 
3809511522 0273859361 9916208931 5593735213 1938012702 
9848188296 8245692466 4015891024 5224083340 7352947237 
6766018719 0835662573 4394683547 0483622445 4619937129 
2199455216 0770522653 7983475106 6676946325 5511566494 
9116807052 3052817308 6908826823 8012941254 1814673058 
4593435812 7343340746 3471098101 6973378451 1370003614 
