6661477797 3756676762 2118782539 4236037065 4923722566 
4751927002 5082488886 0406223409 8115451133 3422390177 
3684113599 1533723731 8467663405 0715689668 1938103585 
4807990739 9613453888 8268575672 4350459189 9740069104 
4704111628 7865267920 1061613247 1999844823 7152334997 
8363752301 4313513282 6955395290 1086494205 8186043961 
5905305825 9754001573 4752997498 2723095387 0577210005 
3964188697 0487452897 3591568792 7079944165 8104944268 
7939022278 2002617388 4246389592 2113926387 4954114195 
9433002708 4671423706 8128137782 2984874389 2258019606 
7322955766 4622256072 6500832043 7346368920 6974257310 
1488777832 8145970055 0621125297 0943955134 8206970678 
0920457890 0900556359 9319303007 4671042570 1791847467 
9952016450 9853815101 5396961735 4552778043 0626775794 
8771097991 3625936622 3493706483 7059816841 9144090086 
9283841758 1369607702 6265263739 8421792751 8655855340 
0180249473 8842479507 6359369625 1658159800 5490110797 
0726953244 8861374349 9388440836 6146859209 0201387462 
9297290938 4539568930 9155247032 5456494848 3425584353 
9275002683 9808919512 4385714727 8892288180 0472797910 
