4646441191 8568277004 5742434340 2167227644 5589330127 
7815868695 2506949936 4610175685 0601671453 5431581480 
1054588605 6455013320 3758645485 8403240298 7170934809 
1055621167 1546848477 8039447569 7980426318 0991756422 
8098739987 6697323769 5737015808 0682290459 9212366168 
9025962730 4306793165 3114940176 4737693873 5140933618 
3321614280 2149763399 1898354848 7562529875 2423873077 
5595559554 6519639440 1821840998 4124898262 3673771467 
2260616336 4329640633 5728107078 8758164043 8148501884 
1143188598 8276944901 1932129682 7158884133 8694346828 
5900666408 0631407775 7725705630 7294004929 4030242049 
8416565479 7367054855 8044586572 0227637840 4668233798 
5282710578 4319753541 7950113472 7362577408 0213476826 
0450228515 7979579764 7467022840 9995616015 6910890384 
5824502679 2659420555 0395879229 8185264800 7068376504 
1836562094 5554346135 1341525700 6597488191 6341359556 
7196496540 3218727160 2648593049 0397874895 8906612725 
0794828276 9389535217 5362185079 6297785146 1884327192 
2322381015 8744450528 6652380225 3284389137 5273845892 
3844225354 7265309817 1578447834 2158223270 2069028723 
