5941649371 6641756765 0944337465 4097289014 4063281301 
8914386339 2806334434 9424002602 2881047169 9972553393 
9570764107 0678950590 5241632902 2129176157 0720281337 
9630649859 8823224267 1029826426 4548227932 7154804587 
6499212413 2126818276 7230903475 5957930311 5848248948 
3014173171 9343104663 5619982934 2266084524 1977274300 
0894757519 0644364250 7040115738 1317794809 5995339269 
1557988400 5478289536 5239563674 1657296488 0463463057 
3673711721 5809990209 8944537332 5540664924 4555657047 
9772079145 8123045061 8880669347 7316115492 1352859808 
1110964035 6420103206 5031387832 9814443085 6387206579 
3894070562 3279586874 4608528406 9806283901 2831994040 
3175369817 2910119302 7421648744 6018619632 1594468453 
8075570987 2212964758 4261058043 7101441448 9107488133 
7667213835 4541424787 1366665387 1820712848 4761707002 
8023077139 8620015232 8528467498 0517160094 1770084830 
6078163074 0674129158 5704585798 0914354160 9290613494 
5970968892 5710567910 0556752900 7475043799 4633821119 
2119990091 2215396556 3172633298 7359358386 6650018970 
2103768105 6553912581 1274256503 6589214291 0191935677 
