4007966612 7138230714 0818828418 6493254567 0050478902 
3579983462 9665205390 3452672297 3679711222 9647576384 
2795337070 3079415632 8931174663 4899628691 0518604722 
7268887787 5879795365 4811330971 8525774883 6254995078 
0896238311 6823946505 1168547086 2613640217 8204452762 
2621850946 8771458466 6765889994 7937102845 7027858288 
6494557819 2102470884 0980548840 4942892027 5863251351 
2032768369 1655093337 5756877423 1103616106 6838321580 
8025643334 6454271722 0249562180 6059358605 7783683982 
5461822364 4983354199 1908181754 9239621687 1052804951 
4224637589 1201136159 7998438034 5538987436 8637941643 
0030513037 8895831279 2484549868 3990658600 6407899335 
2812785194 0984016719 7297270699 3221339071 8420955178 
2475206802 6846361653 9771651234 5743403044 3246614781 
7711996108 5537282430 9171126351 9501191538 1033226170 
0960781979 2294603552 6018787669 2362124863 6248851290 
3544283973 7923251389 5550640142 3913076654 6753811452 
4402470683 7652806414 2487208913 4513796385 9994493516 
0867710746 0143274772 3851028474 9466636334 6194172301 
6077362976 2889772512 8300258084 6877265301 5168202925 
