0873001346 2199231565 3871990410 6055074193 0363390184 
4423978744 2338499826 0696760570 2053536845 6464272727 
0348943923 6648459002 4597949473 9486041667 1133571702 
8120922680 5278156883 3531326433 1759029946 5385748521 
8471097204 7718248056 7215619231 3199662763 7828206706 
2797786438 2255808727 4035538875 5763722582 9990506735 
9154147149 4743726498 3978705766 3311505334 2116121745 
3408965415 2155497746 2478886291 1830352604 0368732822 
0250708935 3084352345 8081507195 6958892412 6052875718 
3964963055 0766286009 1116726175 3007281738 8845881237 
3598537269 2992626426 6600217297 6904093229 1664578008 
0286157310 5013834059 9605215180 2023374674 9329410957 
6913999967 6638521753 7464885072 1464227683 6486091831 
9733236392 1592490390 0069678881 2101129746 3583734052 
5868785445 7022214620 8736858727 9664145301 7626335415 
5887940590 7321222539 4670737826 5467560810 7464960418 
0433957953 8721133064 6467992861 2294857139 3385632976 
1617850891 1558276611 9790233799 9866357704 7496379682 
2399350957 9545082055 0511189303 4779357024 4303528304 
4283470241 0590461224 6808113753 9970742874 3435120724 
