1798271000 8293319137 1419288771 4098986370 5462711361 
4217060316 0388771587 3410756266 0346260346 9320575746 
3632653061 2059614741 0967864366 3281284892 4621727699 
0604400356 4831372701 7184326110 7628690706 2962876782 
4833725218 1678495208 7018738888 3526681880 6885615538 
2102917938 4688125975 9223871757 5687377663 6521727918 
2935988891 2481290484 9996547644 5965554595 1531923019 
8673421439 6269052453 3746344986 0371792720 5427968168 
8929555879 4575534131 4658812833 1024557479 2805020086 
6695716939 5778015341 4390677074 6884443719 9722947314 
2096243098 4645053185 3965219060 2671100605 6621714505 
6523961676 2915821410 0393073338 9291862567 0333714472 
4170924079 4482208195 7934969811 5524925573 2540880883 
1648195199 4849251885 9797181791 6507188649 7535369431 
9576366026 2426172292 4254800560 5957217481 5355934092 
5382832433 3447779423 4508946594 6829548015 6164008840 
2355037323 4965498786 6217107668 0106251027 4472340547 
7738722823 3706324422 3465713099 8335356361 7904512966 
4535920772 7938793927 0095466014 6105091802 7326975551 
3571365490 9405170986 9143338343 7353862239 5662531670 
