5081322123 4673687814 4276185478 8305850058 1078515556 
7880769397 3242122087 3066182620 0908305041 5060798786 
7207800863 8748314710 4679622180 4394757556 3099086244 
2443828090 7075163603 9213609739 6719349408 1982005189 
3084634184 1851377586 9421385970 0251923572 1035235978 
1475656283 7006498935 8061942774 7837673671 6568604401 
2425353942 5460837473 4622249608 2982724724 0218753734 
1510443884 2714089303 2903966317 0598527274 3575722491 
9804396406 8936908330 7046069033 6340376113 5669272008 
0172060165 2587016620 9246565318 3217835903 4831846684 
9633623177 3544630393 3793489237 9583823380 1483524662 
0707688841 7756468257 2717136191 4835528944 0361157962 
4682534709 9957785414 8164846673 5735611338 0319206582 
2135496782 9629458379 4899259090 6571508585 8992403687 
7724709560 2252060304 1059454722 3573430761 9920200387 
0342440222 3490949671 8095119479 8118123176 6216132812 
6574188879 2671780402 3857800559 8529232561 5688246765 
1635904834 0588004483 8458230241 9984176242 0397502821 
4420332378 1364695612 9181609088 0705226927 4478502357 
9437156142 8549610330 9997013947 7214606174 5007882475 
