4170067917 8188133730 7355387867 9601012421 9243417398 
7328976322 8098676229 3745343728 9981172593 0082223246 
2437598540 0183726608 7383264712 0725544913 0643364499 
5100194782 5445255425 6119854446 8963386192 3341088611 
9023663625 2006167177 3407268444 8767087078 6339928851 
8785748868 9069559520 5756080655 3597236255 4866576806 
5997300269 6144997913 8639491376 4334395117 8186561697 
2457501195 5527139876 6633102419 9364961593 6734233367 
6593518995 1082105085 4558659024 0452439501 4958657097 
5168801772 9800819922 2597252891 6152832643 2871330191 
2072026225 0559930210 5520059364 2720672067 4365808195 
9198389468 6241507538 0275165662 2826042558 4487236963 
4231527370 4964736012 4729374705 8235189463 7772876085 
8627139523 5999069223 2587035991 0709275360 7717873127 
5481509403 5127013817 0794870400 2794636433 6884277169 
2401282640 4447538300 2168060555 9739911153 2756743042 
5079168966 4936534610 6649030339 2645479826 2450752752 
9703551170 2938954939 2605026116 7328050806 3619113504 
1503872255 3548052495 0307259220 8321299167 6993938578 
9605219190 4022659329 6893201528 0538558488 3267673657 
