5685837994 2868554314 8848459878 0431993710 7848408933 
7419779080 0338636966 5963270004 8007534107 3313028695 
8286013592 8766135088 5694130726 8952706221 1944465709 
0135000285 0781700817 3296936069 9447808011 6508997746 
9838327533 5446223117 8900414244 5612565923 6190671377 
8221883099 0126205038 7138637461 1075471382 4333342606 
6111911249 9604311974 8730035578 4675385580 9319405365 
6414387240 8715930702 8002233620 2403420926 6924841036 
5413924603 2528151391 0602580690 0867924694 7846415137 
7425304908 1133374859 2565903252 1084378705 8369018030 
5933853297 0010969600 0874250448 1418458925 9856965345 
5698082723 7127625540 0483792707 6410170208 7000675852 
4443257752 6457903618 2680360526 2387899668 7562686845 
7587113494 8261702787 2642077405 3277917839 6605930246 
8053761252 8783622421 6318147642 0476433345 6586924291 
5619461741 4792930326 7274533198 7962759051 0582556439 
0641279605 9960516294 1055835770 0353656324 2856713972 
4330935998 6178485440 9718181725 5447779140 9320959184 
0501649984 3861280737 8871881675 4788756505 6631963197 
6730470586 4894624045 9492697664 5328510919 8744337351 
