2156644888 1451325097 8299799856 8283018302 9271812658 
7579974915 2594214260 6638449347 6182366943 6130100077 
8347450454 4383940594 6382531641 7469621679 6375403949 
1521160083 5534045873 0070341674 4768853863 5372417591 
1919125730 2962875769 9866983060 2845055125 4255778130 
4919657353 7081097538 8980514498 2819585172 0963288792 
4975966878 5855762687 2836385771 4282335234 6656795892 
6948548919 5448742419 5222854027 5810132725 7258848460 
4654951851 6222527214 8589697272 6328951526 6100741919 
5971783288 3659455976 8570577262 8478559544 8837240757 
9162883631 4849064779 1455348726 5755850111 9422648699 
6243910900 9594842195 0501182854 5702189874 1034571838 
9817904863 6464908296 7773150836 7769973355 1507417008 
1220258053 8852451953 6398345318 7617781231 8292338451 
6149201894 6787202174 8024528159 1901242255 8651698747 
2590215507 6249749122 6737659456 3307616602 1194348403 
2397991440 7024881734 3433029272 5710928657 3898942406 
4956181090 9797654985 1184247711 3390072880 9299016301 
8694114212 6117034372 2496674766 8259888183 3777489153 
0013580023 1460242604 7205527579 9319899409 6431611442 
