9852831611 4869897317 4864230826 2649341631 6845278016 
2228694521 7652487890 6995560991 5109601587 9416910388 
4595635966 8529361259 9124572928 3769357494 9960006374 
5405102933 1252353719 4211565013 3154753736 2809071428 
1577318511 8592763310 0144847811 5773051572 7741163632 
1762995559 7106437427 8716404082 9830710463 0541915599 
3714815391 6125547811 2643743890 3974521207 3575767777 
5074211505 0829810085 7375238351 8383575399 3320297598 
9157824880 5041207059 0464407322 7688483087 4353451226 
4547062694 0975444513 6975725708 9150573023 2425735672 
7210851684 7067390111 3721018280 5804603224 7916600738 
3269145415 9319829243 2543374648 6049633965 3422481729 
3832547511 1403759384 3778055810 0267902359 3384798958 
6548607874 1941416884 0730434173 4969042406 9174289582 
9113388157 3943227710 1561962477 6355190240 2171274686 
2782472197 9967626629 0091917695 5643810538 5692640185 
9147616695 4319407769 3489655590 6031303415 7909445519 
7560296624 8754548790 9111753269 9370937126 3806722567 
5146306074 0233445983 1482057807 7855253816 9343648053 
5680794520 4538688872 2145805202 2813716526 9820116250 
