6165729737 9748075002 9723392190 9750122049 4749417006 
5939296729 6028738767 1952225506 3086438503 6022864184 
3766240091 7471903283 3908399536 7474686131 0109327545 
0853701032 4881645635 7548955860 3679918936 1129787619 
0835673731 2274823781 8270185310 6426309613 4724871436 
0549318903 7702613329 1202074118 5702039654 9233685908 
6327290034 7872223765 9894186318 9523397575 2644826232 
2846781474 1678394175 8787792841 3411223019 8805548371 
9196620859 9311296978 3033886516 7585446227 9134053844 
7608394235 5534490331 6330001247 5799652761 6852631945 
3293095962 7313146726 1926618198 3219456648 0048912724 
0421657304 1363833042 2266489785 1556264565 5321971144 
7297326058 2132148615 2801009727 6801510402 9896520206 
3860686004 5981614285 2374999120 8520934729 2307977350 
3015339059 7764783428 9074748778 1517348157 3626882872 
8847309608 6418866453 0329476007 5330935853 8027704926 
0073288432 9411952086 4829711317 5937525344 3889588142 
5554838517 3295283601 1377915329 0113357598 1174759080 
8295590475 0657658456 8604989519 8699305066 2506017097 
0783298760 6304681600 9521097297 7875136018 6320545895 
