2330053862 1634798850 9469547200 4795231120 1504329322 
6628272763 2177908840 0878614802 2147537657 8105819702 
2263097174 9507212724 8479478169 5729614236 5859578209 
0830733233 5603484653 1873029302 6659645013 7183754288 
9755797144 9924654038 6817992138 9346924474 1985097334 
6267933210 7268687076 8062639919 3619650440 9954216762 
7840914669 8569257150 7431574079 3805323925 2394775574 
4159184582 1562518192 1552337096 0748332923 4921034514 
6264374498 0559610330 7994145347 7845746999 9212859999 
9399612281 6152193148 8876938802 2281083001 9860165494 
1654261696 8586788372 6095877456 7618250727 5992950893 
1805218729 2461086763 9958916145 8550583972 7420980909 
7817293239 3010676638 6824040111 3040247007 3508578287 
2462713494 6368531815 4696904669 6869392547 2519413992 
9146524238 5776255004 7485295476 8147954670 0705034799 
9588867695 0161249722 8204030399 5463278830 6959762493 
6151010243 6555352230 6906129493 8859901573 4661023712 
2354789112 9254769617 6005047974 9280607212 6803922691 
1027772261 0254414922 1576504508 1206771735 7120271802 
4296810620 3776578837 1669091094 1807448781 4049075517 
