5781800595 8757171911 7232350915 7871375153 9912551505 
2606959476 0593315763 5090917977 3320833613 6807194551 
5640749533 0357188422 5636931711 8343973251 6057365037 
7473214535 0056359563 8262474936 3822470583 6847521426 
0727919955 2510745513 0424433833 6405493970 0333371348 
8002997859 4657544942 7651830341 2111970210 2998733619 
9117764793 0047649326 4915219099 1777236255 8052712725 
7799284186 2212722025 9472957836 4241569518 3890426186 
2931949850 2398088279 0182277086 7087071935 3980183576 
3828047217 6270261490 2491846340 2523612956 4512600179 
7544961312 2087284837 3883319385 7402018908 2817678502 
9850526215 6335275083 3939410145 5547212563 7636854640 
7909464765 3816550805 0017967373 7431409908 9474841691 
4300650811 8210399009 4191714290 5544287434 8691778082 
8412716328 3349333738 7601898051 9238236373 0219765007 
0299199840 9539536408 1929393544 8443378672 5257077729 
5959613871 0071579214 7218370758 0415005441 3498600492 
9074996989 3790348810 2082792506 9300574236 0174677126 
3982504447 9879477551 3836887538 8820775721 2063531958 
6500300839 1065447149 0754927971 1557218460 9015539457 
