3325186389 8128582468 7769598008 2741765554 9925565263 
7871847498 8706329149 4390803074 1726036758 9680254871 
8373999961 9682932661 2241217067 7133971378 8092520170 
2623014717 8208006391 6213598205 2973855055 5820959403 
3326470891 5619555223 5663806264 1257479134 6382537492 
5991288014 3126144362 0117181006 1047225858 4185002863 
4156211568 8441856620 2827276600 6553624341 6531861727 
0547046018 2952332953 6489605733 3074530647 3007739458 
1740556221 8010296586 9545542962 3213626808 5193584500 
2587357305 8666519561 7446371811 1344775636 1029316422 
9299977128 4847399247 9149975246 9757461676 5240133398 
8711899350 2919950725 9403541776 7887842758 6317338620 
2123143312 2324549995 2102264641 9170590206 3721563648 
7044104269 8336333313 8216958848 3198120936 9368359190 
4114931623 4787276366 2759215456 8410702417 4052979256 
9429819149 8174063952 7144786905 1184234337 1955926123 
1919375790 6211785809 0932058847 9483630579 5612156010 
5651820752 1648952936 4750499783 6425968788 0476092599 
9701865361 1113136048 4481043431 3726732714 9325176406 
7795912827 0418092840 9930214809 5745786634 9377922712 
