1375537125 4949836461 3219105479 0119508054 8163778231 
7553188054 0483447456 8234829552 8213063830 3595464797 
5531338603 7131657640 7833408859 3594573767 1967408625 
2518097818 1788036986 0116613883 4712999153 7711238341 
5452874048 9956469028 2603006885 4276345189 6235735546 
1815822221 4071967866 8431026826 5573811519 4937131618 
2349253043 6547791887 2773039577 2916676035 9890682984 
9792753264 4579302056 2500419821 5817833679 7583245820 
1670334401 6375194361 3079360668 7706059615 5074581873 
0074058855 4185707771 2937653954 6111235520 1773745267 
5365027712 3601026263 7114085024 9375451997 2388118497 
2004852954 0760537575 5048633498 5176039343 4036589529 
6086073448 0553122955 3356882145 6711805760 4758841942 
0583496338 4542165377 0202262887 3203281426 2719241911 
3469807153 5062364060 4880106101 7613964306 5506664667 
1459774792 7512750131 3346596764 6396069944 0570311860 
5608781228 0632896781 6576537275 0629672835 7626397482 
8384647295 0189179856 0482491985 0079916092 3239976671 
9647678330 1263846508 0880428311 1098502554 6612968618 
5565035001 2361068529 7435664465 6198492092 1101266375 
