8311954624 0112661948 9300838284 3865999999 2833337948 
7659821355 8839333097 5965394351 6874770254 2038052033 
7338231789 3878282543 0477368592 7377235747 8886566858 
7360925686 9105637744 6851131559 4786736516 4849217860 
3892046920 5739213739 6597629342 6617993875 9886105571 
3847390158 6953800144 0033773942 5963524869 2636896090 
8705395262 5109612729 0887376798 2224107476 7848829902 
6259214172 0651354432 7199164599 8333033382 0509702367 
0379189129 7771139000 2179646455 6817013808 9418258462 
9598768936 3592439379 8037012604 3700019545 3753209475 
8565668626 1869137769 3236555385 5337366401 8114260401 
1712634532 0537251244 6880839250 4553806425 4766280934 
5060391086 1511948831 4246477393 5945361134 6263253979 
0305310615 5154047570 4318358069 8889116850 8827835754 
0626047008 1334894277 5641988110 4615033910 8196697436 
0385607326 7087156087 7665885891 0608960720 8747158269 
7016905626 6871992681 5848335174 1024109506 0497613332 
2103046832 0093162948 1966641786 6410892596 3354038629 
2413015247 6404151953 2761824707 2352789772 7695774543 
1491457204 0541799531 8578837498 1085050571 5767111058 
