1585216705 5220110024 0312147171 5798464585 4332489073 
4109876109 9295649676 1565447188 0624428493 3719422274 
7404498379 8596475584 1334894107 4260833361 5212077501 
9298015129 4656720842 1155076388 1645988966 1764643697 
6032892432 4510530298 2505122426 8070373121 2808393512 
2022554084 1513202947 9998057513 7686493365 5676167849 
9471334926 9562577390 7848371824 8283155679 2981972877 
8686290363 1056068580 0990722240 2153876614 7136448019 
6561481124 5388627165 4233428875 6197979204 8557301929 
9975004175 8818622035 5084352693 7422418347 7542357560 
5346725549 5615418988 3817856029 2676908506 1313659528 
8039173555 6024568797 1772310603 2174576049 7595023225 
6294196379 0630937955 8104490958 7621359167 7865829539 
3030657653 0923070439 8675706257 6067142706 3852605547 
5959525321 3047800632 6107107680 8321621001 4579464097 
7692680069 1390719372 7253192285 2627428957 3895041376 
8547745929 6033592272 6252666683 5217070318 9496282724 
5652845824 1425460630 3728040777 4797988541 2946353979 
9924647469 1335524337 2318304535 3848908080 8931525181 
3576848527 2858917328 5917464503 6561200688 2947050320 
