4716904153 7686780019 2930506366 9577855088 5505423698 
9012229808 7791267061 0523562973 5806022201 8294315807 
3555219093 7586577473 6264736992 8888127978 2933393499 
8697735232 4137599315 5463631192 9820706537 2747860725 
8997312069 3062721040 1572394384 2608756039 3263870639 
2902219030 8589098777 2201985593 8537268814 7932288292 
2369825904 6430933978 8165229985 9711143887 9191681125 
5637498313 1611093190 6115632552 8926120586 5159851493 
9761270556 2408767671 4060590627 5936789728 6320465589 
4075319271 5912951170 1844375575 8535236978 2060346030 
8111408561 6222042904 2890528709 3487193875 3668199421 
1967871603 4475116563 2170440416 0535134139 0173136689 
4638873855 5313863682 4336997598 5970616457 0626704130 
4591264372 8498914835 6890455609 0934810115 8092318073 
0184599840 8799090461 5749310986 1431331591 9784060635 
6831884195 0570759621 0326850840 7539511046 0713677431 
5063186556 8117504568 4291098593 6094863468 6959367227 
7580773060 7288379881 4246810034 2685874419 5332034222 
5922259113 1568718551 2988438399 7718184817 7575276528 
6872747867 9975609559 8144332697 9802322469 2517480084 
