8043735402 6738684446 4825094568 3719869661 9833088985 
8783525793 2328100478 4980000165 9240729031 4660281505 
6472411034 5203157652 7657717145 0510804603 0512975963 
9033690487 8227083901 3310400538 5149373537 4972951613 
4897226397 9021198896 3444866201 8819029576 9295043464 
7230578452 6520058067 9906453900 4955427487 3960333111 
5133434232 3939281539 2857552418 9254275336 8993670767 
3603270769 5340715397 7831769329 9858002902 4738091222 
2702470030 1497321483 0993493324 1880821118 2569586232 
9465185756 3689754163 5746895986 6026651728 7106373178 
2115440732 8308409582 2937176862 8036856451 5915257032 
9027569036 8571298831 2781187473 4596074173 1009788473 
1562838649 4861931043 5016618122 6630376959 3726764588 
5383809430 4945302303 0268014210 9755025038 9072148424 
6009339875 4399153838 4213775459 7246409868 7379266027 
9416620470 8663284387 6627366087 8272150035 9892776517 
0744547706 5383961960 2834310285 2384091338 7237856397 
9536825788 3705830489 4726634813 4821317190 8883396336 
7241231536 3972952037 9956140542 0265235573 3182260536 
0301516107 6727016136 6775347202 1089952406 0190190731 
