0716711572 1315313139 9108734604 9948558879 3055573290 
7486675692 4991779147 7776275257 2153315305 9191543757 
6402085562 4311494453 7254595680 9702564757 6424442309 
0474070144 9387200931 4855661267 3864189942 5494931363 
1047596189 3303490949 9307284324 0900986604 2964776416 
0636212894 7695172656 7416922104 1267919762 0262917558 
5305961605 8835981509 4381398881 5546473953 9002210859 
7871859240 5964780276 7889239242 8047732324 1680115088 
0994290751 3006728614 9727378504 1600155380 9727869101 
1653816376 0299560019 9875677105 2874341796 4863494875 
9022843450 8102484523 2428506194 5646492828 8338024674 
5314360076 6539393253 1690693471 5341110259 0915595098 
0999607771 0819240434 0081740190 9049952241 6945936708 
4155126335 0446837423 5408291264 6538035494 1695384687 
1915947864 4821690719 7188279045 3741758978 6565396354 
3641749642 1138332391 2726608538 2956774626 4220437486 
1375086965 6038144115 4467817463 1824157801 2548976258 
0240567221 8165190255 2564665510 4178403139 9315527349 
7012827464 0783796773 4310395750 0116764350 1232392187 
2173693956 1572561209 6294658612 5817922599 7122936015 
