6048325293 2466059000 7467538289 1135887696 6050230432 
7546441577 2720413553 5343106923 0209904095 8828028424 
9254566092 2550473678 6633535977 6701147547 7937895122 
1639503917 4883700606 9208321431 3105651140 3216591497 
1605450331 5260875624 4303975120 1627044475 6654974450 
8291084491 4275328651 2578843201 4337191619 5074243458 
5426712768 1102600799 6977327310 9108740407 1388839859 
3020568547 7056812837 0032410609 9488089120 3723375156 
9167712944 7677010573 6285175269 2267386733 2490411057 
6188363433 4373993174 0573619353 6907770580 6991870011 
0387550682 5865123396 3419298473 3096678757 3203290483 
7005690335 3621683728 6915868224 8493164586 4130995561 
2807613543 1583947979 6503645798 4422529399 8032521346 
0972862269 5362672470 7628997177 9632763346 1411207041 
5414830530 4401967545 8162359860 6346657273 3057403342 
4675682539 9885570038 4203956509 7719954100 2683762829 
7511970715 6928778058 8231902617 1014758008 9737378346 
4992100430 5707615859 5322507336 1087295702 7150743122 
9792031372 1103151205 7869458182 4201741832 0565151175 
3381284579 9817329613 0009722859 1130828209 0905331476 
