0119678185 0383675303 4704700057 8748360997 5909091296 
3034418276 5505119842 9426117421 2501745310 8837615277 
2103209162 3308833571 0208577216 2595099252 9864364182 
0689439656 9085647751 2431829030 1835339510 9114675137 
1853424630 5851770744 3432161316 9130454456 2072955779 
1498890485 4785029494 2518699230 1564204823 6729967820 
8543277081 7139937297 1364728551 6236910280 9439490498 
0957111479 8735326336 1086154490 9213621071 9578627182 
6589846454 5958700906 9249248820 5234351128 6873862691 
2529335695 5656244015 3334475671 6240947811 8265711559 
5475669936 8423562499 9792277233 3285678478 6245269498 
1303829576 7158836825 3903484616 7149680141 3859919405 
5597917917 8582819757 8481237247 8022962734 2713273807 
0171213159 3454022544 1686146416 2064185495 5622017580 
2717174193 2960403072 4285575914 0374875241 2558364868 
4782653057 9021129301 5046009300 9791132893 9110209284 
2221262887 4397239879 2999872217 1268024426 9570436408 
2691751239 4728858097 6631735219 0347740207 8301082500 
8230686748 1659929162 1420437855 9690700839 6343174915 
7040070491 1133097023 0468766158 5748313508 0144475992 
