9946576407 8951269468 3983525957 0982582262 0522489407 
7267194782 6848260147 6990902640 1363944374 5530506820 
3496252451 7493996514 3142980919 0659250937 2216964615 
1570985838 7410597885 9597729754 9893016175 3928468138 
2686838689 4277415599 1855925245 9539594310 4997252468 
0845987273 6446958486 5383673622 2626099124 6080512438 
8439045124 4136549762 7807977156 9143599770 0129616089 
4416948685 5584840635 3422072225 8284886481 5845602850 
6016842739 4522674676 7889525213 8522549954 6667278239 
8645659611 6354886230 5774564980 3559363456 8174324112 
5150760694 7945109659 6094025228 8797108931 4566913686 
7228748940 5601015033 0861792868 0920874760 9178249385 
8900971490 9675985261 3655497818 9312978482 1682998948 
7226588048 5756401427 0477555132 3796414515 2374623436 
4542858444 7952658678 2105114135 4735739523 1134271661 
0213596953 6231442952 4849371871 1014576540 3590279934 
4037420073 1057853906 2198387447 8084784896 8332144571 
3868751943 5064302184 5319104848 1005370614 6806749192 
7819119793 9952061419 6634287544 4064374512 3718192179 
9983910159 1956181467 5142691239 7489409071 8649423196 
