8203856539 0991047759 4141321543 2844062503 0180275716 
9650820964 2734841469 5726397884 2560084531 2140659358 
0904127113 5920041975 9851362547 9616063228 8736181367 
3732445060 7924411763 9975974619 3835845749 1598809766 
7447093006 5463424234 6063423747 4666080431 7012600520 
5592849369 5941434081 4685298150 5394717890 0451835755 
1541252235 9059068726 4878635752 5419112888 7737176637 
4860276606 3496035367 9470269232 2971868327 7173932361 
9200777452 2126247518 6983349515 1019864269 8878471719 
3966497690 7082521742 3365662725 9284406204 3021411371 
9922785269 9846988477 0232382384 0055655517 8890876613 
6013047709 8438611687 0523105531 4916251728 3732728676 
0072481729 8763756981 6335415074 6088386636 4069347043 
7206688651 2756882661 4973078865 7015685016 9186474885 
4167915459 6507234287 7306998537 1390430026 6530783987 
7638503238 1821553559 7323530686 0430106757 6083890862 
7049841888 5951380910 3042359578 2495143988 5901131858 
3584066747 2370297149 7850841458 5308578133 9156270760 
3563907639 4731145549 5832266945 7024941398 3163433237 
8975955680 8568362972 5386791327 5055542524 4919435891 
