8520207278 6040624690 9862458183 7105663182 5492066663 
3928689416 4223168139 7853741745 5898355023 9814134762 
7568661622 1186367561 1345401850 6123014505 0641464766 
2002547937 2737016911 5091057005 8805838552 8775155356 
8346135550 8881431374 4985636377 7369433473 0779223692 
0232819512 6019883348 5319308413 9129692103 4511566461 
5581718451 6091865304 8971195380 1102485257 4989315864 
7233999267 4537252191 4878779978 8807562673 7506387237 
8056469764 3526861306 7747611615 6403088981 0722990061 
3620291385 5386468368 4245835443 4207249065 2694313192 
6363064557 9191032817 4622465230 5086811453 9223790346 
9993576181 9228384117 8311127342 6609317171 6054723027 
4858700010 4786605983 5368762042 3490935631 4679354437 
0070867604 4416080934 3038896416 9122938462 9350216611 
0021076164 0546614532 8261330250 9899295539 1927596299 
4627826326 3211656587 4319551733 5942787247 9954828722 
7810793149 7771103534 2554381663 5050218200 4755984571 
9470764296 7827158772 6848362361 1180659244 5159528291 
5230181808 9716722717 6349652283 7506807313 1741445335 
0933010558 6215719733 6759105167 2048856745 4157281632 
