1725939792 7018267765 9278790726 9759586524 4447986278 
4876695394 9146101776 0577603607 1107508660 3455755571 
2962345406 6377584487 7314065805 0218144414 5701216138 
8944294254 3012726143 9960397515 4880968417 5388778709 
9771053156 8960577955 3635967007 8069985650 1195536169 
9581910918 5333740366 1999066186 7745865365 9378289515 
8619216835 8385372055 1718196699 0029062252 4429719647 
7607657921 2083499798 1483108425 3380066460 5646546284 
4105959758 7010538378 3766951341 4411711576 5801529197 
2393283182 3741907241 8270556211 4292481259 5008621934 
8254518565 5397012584 0647774590 9416107789 8448667987 
8798360359 4306705082 6469850650 9650714242 8798416650 
1330336475 9597132945 8356905875 9697058365 9840237526 
4559514284 1527430934 7600284805 9737445115 4823040085 
7745381944 1423549187 8380929229 7831844140 2238443611 
2322168850 5624335418 5884325115 4472064328 4962084563 
2811941082 7058831893 5428845436 5054845356 3300884266 
8569356364 2890202766 9230848663 3611829914 2987263879 
8806829980 8612394976 3295104635 9133826912 5251879466 
9450894153 9649332734 5497299448 9836299473 9917547441 
