6471971731 7798726839 4360240105 2166101498 1526554162 
5403854517 7952158400 2495879879 7410495248 0047535581 
6454411607 9649674374 7671842211 8358157376 7370489681 
6576186466 8447399574 5738638952 8495665189 5744786659 
7778195075 2258882987 0247890096 4065318520 4742376952 
3893355012 1847859966 0074089650 3838595147 0180407234 
5776878385 6075809561 6453392168 8489754259 8305991753 
7610132320 6354325344 2404886000 0309082261 9003730634 
1848688614 3876373649 4178874012 0482609505 1275986339 
0509770242 4725298017 5882639229 3870793673 2522111670 
5792644140 9085437401 4853045902 5037169637 4774586071 
9140542569 4381561170 1443788844 1888309159 2292719203 
5841298716 2286685053 2460389435 6500230734 1670837518 
6459536802 5275824052 0923744676 5733512706 0160117034 
9080682223 2723412140 8469596673 3251615657 5806659024 
3101303206 4115375116 8740775678 7406035925 8788617197 
3634936771 1142654304 8470811333 0323186633 9855094943 
1439748048 4078764776 7832770534 8801596714 1016984435 
6697808454 8780518231 9957564073 9788317702 7113564392 
4204452033 3007609764 3679699900 4095854955 6201313584 
