8058753749 4725693403 3090917283 2394183692 1932491518 
6872354773 9392127561 1794664018 5118001380 7501027772 
1713064204 2532655536 1143239078 8203509453 7707508434 
8892301020 6936485172 8497612938 3325793163 2804024023 
6622477073 5848850558 6196021481 8950756889 6146498647 
1085846445 3732949655 2333726418 8383262127 1178272406 
9322657157 0786417557 2896145338 2916448918 6520495527 
2952633002 8104982310 9857339430 8160225669 8171115056 
4218030749 4361107813 6138968220 4877365185 6670209197 
8710942722 7650347063 3850855008 4211709404 0508256992 
4575628282 6278137513 3270805294 5523221608 4540576543 
7854007179 9081276883 6695374975 2286406714 6153456490 
1126938742 6711403621 5138204775 8754942856 5722785336 
6584872908 6917495101 0237587497 6607230169 5185736509 
0579491818 6915420495 1481895063 3136723233 6001791924 
4397594016 4167719835 9451069342 7217293483 7133152708 
2522858781 4764495406 6168266066 3281738590 6468170848 
0980195630 9540191002 3030383772 1074832278 1390116820 
8258238927 7936139561 2062162133 9157864079 0409627777 
4306239458 8711681359 3241244337 1094483087 4229948965 
