7270496966 8919097678 7295678568 3749182662 2807594707 
3087639094 2917918464 6728989350 3816657160 3238341300 
4822149073 5573101147 5604391076 4230704997 1417179272 
2498893625 1185377184 4565361124 3536680334 1583471099 
9978127504 5931072949 2016400404 3873689108 4890000220 
6589689495 0988355454 3303448063 4690683626 4269262252 
6048050382 2296566585 6445463817 2578720242 2393060316 
7450160539 7755165542 4603074325 6914538414 0667700093 
3481726253 3785783695 4968801819 7142075830 4790250454 
4932943440 8065470696 6709208196 6871809574 5182237903 
3311686660 1065885464 6162225136 8075580728 1783990499 
3820325403 5222214791 2787357337 9240505817 0479343611 
1604657520 3509649920 3009430633 8515155701 0396543615 
6004250209 1754083680 2510756962 7240540070 6130739148 
3997821549 7526962006 7771746125 3751774740 8077042146 
9498072465 6692103138 0365590139 1446319337 8524956076 
5128958847 0395683600 5240560377 3226648488 9767598647 
2222368704 5726002513 1465330278 9490736683 1754285279 
3043641684 4913090148 2297794441 4539776700 0504764545 
3944199744 2534009022 0649707950 6577866762 5625790416 
