7879517193 2282160484 2790422281 4574555552 5850110505 
1118532051 2824817044 9340850065 1110585967 9661134805 
4315799010 0271163704 1462558845 1469531501 6137653098 
6346793513 9830644217 2125391421 0484840180 6995555589 
3386469844 7097220729 2044160017 4464574485 7898852191 
3325497133 0254820980 2199209468 6705513088 5041123215 
9894030606 0776407088 6215302252 8396306106 1498449297 
4704512812 0643925095 2683933163 0165354068 9292805651 
8715726578 7411940217 4780917279 9541874118 1137373534 
8232049240 2854443728 5424144786 6735317203 9728409992 
1075338521 3768521899 2027547637 5155088032 3820345141 
0449033687 8610551139 7455564453 4413352805 8933149507 
2415453650 4253686358 7651146455 7763852861 8422250037 
3544338608 4194572025 7808362467 0516135441 2193605212 
4926547855 7979011265 8159199332 2554214733 6102522035 
6400358279 0857550730 5278835431 5946741793 7426497407 
4094794894 4779573166 0962302173 2397288402 6016215508 
9907451024 6296718368 5916037890 5981635743 9266727829 
5029918179 5702806863 6510124544 5154413181 4296541845 
2451978873 0520200288 0204338955 2095212624 2506820736 
