2516464829 6888315050 9597010002 2643721353 4878582602 
5335789842 8499264259 8493826986 5559157455 2277223044 
7836700451 2926203259 0728447007 0718264639 4299397105 
7965049240 2721513090 9020163225 7892936466 2069079114 
1890917095 5485858170 9996939845 8241888623 0434638646 
8537094692 0190866442 5001423704 9070605479 4401636362 
2448420494 6141454073 3407720561 3675377994 7174346418 
6961441635 5642947159 1970959124 5729889392 3381500104 
1229439585 2881242903 1638189391 1829364047 5674801320 
0548377764 2241308322 7337901680 5513456118 7865263787 
3908460298 3248449677 7676526714 4609098427 2409221944 
2087290507 7724742271 2849199862 7528840954 5361224426 
0812236730 2636241666 4636769565 8234050934 7865011435 
4522301721 1043182967 4611812712 4772674755 8418347391 
8296468924 2439083589 8304107786 1222164667 4139274580 
8441093446 7091407688 9081154804 2699046447 6617903706 
9131864316 4487293481 1624753142 7094795121 8371189543 
0801606136 8674233086 5206856839 2614804784 4566474945 
7483232983 7112783484 9457568184 8235738129 6729860250 
9445631002 1387076804 9043011088 4104356065 9563291355 
