1363659537 9057745086 3465841837 9378550213 8550730660 
6203236189 2026534379 6554240913 8866780517 6486602355 
6868010244 4381998217 4081868308 0632657934 4501366069 
5883116352 7659019637 1091221683 0217994317 8178115975 
6256933481 1817590163 7045395488 0025438691 9502939484 
2963338788 0232454026 8683115920 7714726609 6408147297 
4256413523 7707132655 8656729260 9352131356 3269738633 
4513923237 9491272741 6044071653 3283727666 3606992078 
2898851581 8900740681 7883560033 8395502491 0544219136 
9494384025 9289757680 4164798738 8754419071 0100738825 
0260025052 9371571205 9882179975 1905251548 1351289265 
0703503129 5388797395 1968071463 1297973939 8855224067 
7107478132 9661125142 4440942546 2058656056 3864841176 
9737650932 2232005813 7389888598 9302233630 8095219342 
6522815067 5306773116 8349920030 7497844953 3317392356 
2877249889 0110498291 3538099432 3467387064 7929391838 
2984736509 1741599344 2241801360 9070218537 6839482371 
9725514881 3881635282 5082378087 5617730371 8593310237 
6901551814 8956680264 5106695566 7635627033 1637550428 
2184693552 6079312867 7171630081 5229705250 1399440411 
