1099523758 7821689870 7228324155 4043785949 3648816597 
1060194170 1117753081 9779600610 2061075809 5418438226 
3771744158 9308934402 4548077635 8985983864 6004481913 
0632918212 1252200728 0634089056 2731361562 8251425972 
9116909696 2116740824 7163145189 1747360069 5966991423 
0808783383 7868659015 9867022321 4286915701 4142480704 
5897219105 4200479042 0726183894 5659167576 6243374816 
5233431013 1977778750 6264814478 9623796854 4918333932 
5445226328 2389839955 2143508647 2399882461 8234678333 
4120349696 9634652310 2970980070 3127298113 0029874875 
8845155628 4431013156 0990894615 8784058400 3836145430 
6275028384 3451683679 3994311551 9406723368 8033261838 
1301906515 9316862019 1839636438 8118286970 4116494587 
6942211365 7698149517 3186043944 7681922394 0067014551 
2792825405 6530324642 3524190837 8911520916 5207534501 
1477513376 1761316030 3463500158 3043241198 3034504597 
3111548023 5291472675 5652853961 5498251732 2187028118 
9147558219 2510975188 1474996270 1832012386 6466554470 
9627032211 9673520668 2568834873 7596450725 1207969145 
1687396399 8729508929 2861505745 0939183524 8986417115 
