1563371077 2070437194 2989785258 5410651220 2087219851 
1520119682 0066851549 5090775699 2161931680 5761225508 
4107995644 7357236211 5138442605 9118785236 1111576674 
6246167605 8949088473 2188251188 1891653729 4130184756 
3650836229 0409687727 0759063075 9517373446 5381235816 
7205699861 5449337441 3551158082 8599979725 0700054256 
9584482904 2157032963 2969541837 2061125327 7818507824 
3532391872 6737975390 1060421898 2133356800 1491762927 
6358973974 9151033610 2944854875 5412659458 8308262730 
8729741581 3599878505 8970815642 9324159565 2057224388 
6015842078 1047504262 8112904425 5263505482 9661343198 
3475578851 9322226718 6930364566 7271026495 9940051166 
3086637317 2740445456 9497374874 8521103317 7549364625 
3806113344 7431080683 2630846622 0393707731 0524427999 
5137450193 5266142352 2551418680 5510400502 1438767785 
9299011085 9251867499 1313145000 8725837116 6936982497 
6994084161 6062428406 3083328979 9716187050 5765196240 
4924316599 9515189664 9754750390 0114739890 3189687832 
6455784745 3725180452 2359726877 6687624285 0753816616 
7924880008 2340903203 4807146522 8902223080 6149657427 
