2840504522 6953812179 1319145135 0099384631 1774017971 
5122837854 6011603595 5402864405 9024964669 3070776905 
5481028850 2080858008 7811577381 7191741776 0173307385 
5475800605 6014337743 2990127286 7725304318 2519757916 
7929699650 4146070664 5712588834 6979796429 3162296552 
0168797300 0356463045 7930884032 7480771811 5553309098 
8702550520 7680463034 6086581653 9487695196 0044084820 
6596737947 3168086415 6456505300 4988161649 0578831154 
3454850526 6006982309 3157776500 3780704661 2647060214 
5750579327 0962047825 6152471459 1896522360 8396645624 
1051955105 2235723973 9512881816 4059785914 2791481654 
2632892004 2816091369 3777372229 9983327082 0829699557 
3772737566 7615527113 9225880552 0189887620 1141680054 
6873655806 3347160373 4291703907 9863965229 6131280178 
2679717289 8229360702 8806908776 8660593252 7463784053 
9769184808 2041021944 7197138692 5608416245 1123980620 
1131845412 4478205011 0798760717 1556831540 7886543904 
1210873032 4020106853 4194723047 6666721749 8698685470 
7678120512 4736792479 1931508564 4477537985 3799732234 
4561227858 4329684664 7513336573 6923872014 6472367942 
