0447722125 0266192371 4235626092 9122601825 0583731811 
9710390751 7533857713 7807762131 7724528794 7915831714 
8432273147 3506837177 8815798520 2303528005 9999869776 
6693700822 6708804204 3304271761 0360443602 1195740531 
8323977508 2537624353 3599258744 8066952313 1409508267 
2974200827 1959187161 6960153406 5457814757 1012432947 
0340498901 1724031456 2707007085 8913555130 6594748305 
0109267533 1050476766 8510068727 9532443236 8964938724 
3491401886 8580217669 7065515885 0256174152 0703150927 
2651458735 8857716690 7411895667 6294168134 0578424067 
7338866529 8433582820 9920927960 0025605373 1611957486 
5172971711 4043583683 0233310269 2447556349 6301826785 
7351110563 9749473357 0817580632 9870766803 4213096682 
7261284795 0604361526 5442170363 5540658329 0195474112 
6321617941 4368623878 2446810885 1006087982 0657196947 
3153168872 7655829254 8410060026 2887084707 2641463698 
1454676023 0690648480 0019508915 2920883475 2002948330 
1183570714 7486046003 2318036646 6301137834 6148102080 
1040824162 4643986285 8027535254 0541481178 7725784498 
2440121535 8088326311 1576793883 4439941674 2552671812 
