7068704857 9050017001 8827661154 0259896645 6382269528 
4086125700 0003120151 3414621462 7435881881 1375215962 
3550909618 6934825303 8196808508 4967571308 0265221001 
7544521504 3882446963 5391354522 2948382275 2193978161 
0063081571 3947347571 6433100288 5720115617 4719192266 
7719543692 8312826604 3960699254 6372196029 1425377797 
3983167443 8120809721 8818831236 2266033870 7532678942 
5385591691 8297728332 7312615508 4174849512 3598915798 
6019310463 0204088365 8123282833 9328287752 7485978705 
3647329515 6141142985 3246103430 2555313019 4964301167 
0379286563 7669569854 7963744374 0469514404 7524862747 
6738025589 6740849630 2725388581 7383209577 7727044265 
9676450234 6241958872 5735933861 5526808120 4775136402 
7860596714 8993681237 1201186212 3490548171 2924548154 
3023804103 6501487535 6745431118 0060450042 6130787682 
2158851442 6730296208 4048226136 9497426208 1760999935 
0033446197 6884187903 0415959515 3926411196 5464774820 
8496035361 8894576122 0485718626 4614323274 9719188085 
8417216502 4925561228 4867044407 9452809182 5391444698 
7618136633 1943960646 3782245081 6138177872 9282783976 
