4859110463 4556227172 2217817692 2974115386 7862146057 
2420158898 2175494554 7494863631 7672274364 7089802154 
6200732501 3023705721 2162666252 2005303961 3516788310 
1300856801 6798771386 0080874414 4960859610 3041041197 
4853698311 1367107082 4797474197 1708082430 1691666177 
0771312763 3313638154 5315891337 5254168398 4084786431 
7750667503 9488466367 7721467921 1218536122 3631672188 
8038066106 9859370237 9096318692 2402591191 4634584614 
9741712192 5501992547 4796004846 0063345981 8646080115 
9374470373 1663195351 8908792056 4810728118 7772402039 
7440246021 2973911013 4992696648 9897822336 4655365129 
4973293415 4340689469 4337381826 6377860503 4749343327 
0290837561 8011054934 6901793394 2873990566 3796976347 
8106955289 6198764618 9850722086 3458747577 5355868446 
8723357249 1790476548 0775103923 7363961854 6675333495 
9708917470 5010313969 4380902363 4045799030 7072485296 
3285143088 8786688074 2498163585 6363393141 9476252306 
6152520565 8963070371 4209157446 7866737683 3515582244 
4226371755 5290549395 3288236668 9615332633 1493583928 
1282245849 3254055594 1071950713 7997035637 4234009731 
