6130986462 1393795308 7094716536 1256508033 1578504457 
3000094141 3946001474 5254414038 1692099336 0411596583 
8005063036 8254566308 0628250094 8802003418 0021455841 
7554634801 8765356776 4411516477 1043843669 0085370611 
6905032530 3146835437 1335818092 9240076805 0958188888 
0313192299 6604986651 1923553334 4271599513 0769082085 
2662967740 3102594730 2259177682 0132591077 7315857844 
7731207588 6450933987 7561872662 5393836235 7576251588 
0562030923 1213866578 0721626116 1812700375 6053446226 
3494983862 5256665242 2923443651 3969720823 7825995762 
6108099849 3754227356 7512241092 3244793072 4282802917 
6235375338 6370876387 3518155274 8211124480 0245912464 
0511151114 9966446261 9843390057 9254635394 9622888924 
3623252186 4025248104 9059595540 8365028689 3574890542 
0009125338 6743431340 7342265195 9981448876 2644831855 
2732774941 2287856130 6225821878 1200116285 7352133808 
6043652520 1235079083 0150596324 5468281892 2475989132 
8716943598 5142267573 2581509249 8212489905 1846590727 
8237639649 2321190420 5643849172 5564318734 4162296200 
6044719016 1161278608 0691597050 7233831799 0240010621 
