1647477584 3902375746 7891316957 0118226462 1770289457 
1191364126 8587186863 5824932717 4656270672 8075136743 
1597507565 7747583764 0633804494 4820668352 1783321333 
2789677638 3657446746 2017288395 7236721109 8154016213 
2700681687 4023136619 4833250104 4648564646 0364125317 
4133332379 6075672937 3305212297 4579333525 6616855892 
0043759625 1342030638 3429430609 7158474095 3801974115 
4953001028 2165055959 2594591948 5334822732 7155444873 
5213653447 2942394955 9645304788 0531794558 6293418901 
0777934902 7602218084 9918514125 7165316513 7450875031 
4014667742 5197647620 4616693113 3260453878 9645165729 
0843861519 4431140161 5142307022 4716393990 1004379068 
6410341623 6790741850 6463768256 6038955033 4773489673 
1133431362 9428543148 8760312473 1335419670 9800084526 
4274014209 7631369587 6225859100 9311129973 7936001355 
3352920748 2985367204 2761269847 6400667669 8661053455 
2072872187 3818067910 5816290748 7010767369 6521668734 
4878743827 7199732718 6492554248 0668423833 0274106960 
9185500711 5354892417 4440794337 0423182545 6068386702 
4205233933 0580317306 4778859332 2929965546 6216870571 
