2818066315 8107596988 0379541902 8671051589 6821839986 
1722645652 3727215921 2726998561 6688430859 6839602871 
7153852669 4147931732 8935458449 5315021859 3008668911 
7971366494 9241053953 0174013607 8588915471 3408500397 
6803645381 1115720861 2956394709 6455742708 2387312687 
4988730970 5900533731 8346168969 3417093000 0086168027 
8005895674 1522844366 3002296526 5070138562 6568435888 
6297585892 7122897312 2504501939 7539880195 9929585946 
6744488527 9234641037 2473341353 3839025948 0773955176 
4067414764 6580145330 3755125878 3915206002 7305459805 
8280083415 8675087820 2182980291 2417977315 2353857706 
4067711668 4521336866 5010906443 9918466472 9143841522 
8435595778 0524178692 2134390262 0970359030 3502527032 
8397986765 4871112971 6415065768 9153935090 9404216300 
2921262342 3471285210 8395421664 9117518876 8489016016 
3507949908 7251459442 8409076951 9699618037 7128279292 
3306313946 3215096579 3664885286 7185365898 5428232404 
6387338281 7848153020 9203088315 6972673439 2558336432 
1632066089 8884580711 3627763999 6649570648 1333243008 
0443070692 2817962968 3286131639 4983415817 8871426219 
