6654990514 0449994905 1322758329 0203973389 0285425751 
3664074283 7719838951 3758460356 8593319676 3654229787 
9597967568 2839983101 8152542366 6598572785 8888680648 
5189459707 1620346737 0351680456 7897410832 1020687769 
1531050566 8766877329 3349200238 9350574436 9544516023 
4297945780 6030671893 1576795190 8958081128 2704868678 
5651794949 4253179898 9854558463 5110166292 4150670161 
1762219757 2925577322 2299579570 2695142731 3412587036 
0213259374 7642947677 2338553939 4960803494 3296308145 
9079933815 9431146102 3743648260 9052748926 0911499781 
7599242523 3969728695 2524166873 1500923820 4121285426 
1361635324 9136625137 8662874417 2873692777 3266853389 
9905091442 8805931696 1768257728 5592777855 4889122488 
0886696290 2222009071 0531986727 3320350125 6083276186 
5468606900 4612176551 1410345328 3127120443 5229510016 
7947903133 5053425355 6783869192 2343124905 2133279436 
1256904680 3304540642 5931433485 9893529878 8225495318 
5742488103 7641375414 8449982952 2748902796 9508981498 
6469076164 4389575234 3566506497 9825941525 0324263255 
2944116596 9405598958 6650761215 3399297486 4105280830 
