9887919712 3728761697 2907302953 0158633809 5431940182 
0266910469 3139303526 6362835832 1962934195 0220558215 
6281151008 2783702191 4223186157 7528944307 4012512069 
8223625704 1351162127 9344747937 3750708585 3449040251 
8946776914 7420649139 0247315240 4739223757 0356833125 
5397444736 3697759131 0167248556 4252270498 5587132991 
8475843821 1851524915 3210866087 0938947746 5558909768 
1500909155 2453184371 1016797043 9422720060 6593472786 
4923765594 6958471716 4290257863 2718343604 3870606152 
6799319925 1780719606 0181997889 6189144132 9681532735 
5365655317 8278789877 0454849256 5683154048 4336866358 
9348279115 3784996014 6294330178 5359189222 6871356021 
1563806688 8736024524 2861517707 7111067128 5143971739 
4625668407 7707258589 1951865720 0283026878 2748806462 
4862580451 4333344541 3308616378 6823325729 6257953800 
6735091060 5339652325 5759682415 0482795196 1974945905 
1008217962 3656701477 0564590274 7898018100 6309518889 
6213790376 9365337298 7268128208 8478870106 3082554158 
5042133410 1495828542 7718069494 6338138816 8245190344 
4805049224 3551000331 4142920894 2257683134 8019510419 
