5395648342 8383168994 6997068936 1239529933 6477360596 
7379563016 1780318422 6182619920 8163486761 9660275866 
4471180876 0325300708 7453508535 7549089483 3166708013 
2534824971 1806765228 1580236070 8233390414 2811702294 
1352536003 3063302611 2455168649 2275338976 5333275088 
3730873546 5914111897 9834197708 1211090804 7137442356 
3241997436 1958142327 6740560044 4674915694 9455787149 
3554792225 4176429822 3075736651 5960393956 7872952083 
0762129957 2905646333 2797905608 7360196683 8068415216 
0053409822 8717682054 3030494829 6407143779 5896778917 
8526513442 0901479656 9969586033 2176102839 8322325242 
0909187497 5695282502 3624449423 5687350103 4701874199 
0530029380 9698609087 6149456728 7112680687 1959924240 
0646532771 1570046123 4695506725 9630156672 2909054455 
6889669490 3638197937 4684658665 3406795597 1944629775 
6316458243 4386240379 3489804730 0575709839 5158216139 
2144404188 9422681665 5348954143 2820615539 2681993338 
1323414313 9879087206 5564411761 0051979103 0792115944 
6412482298 6954039586 6978962963 6022480766 3263111856 
0938170907 5532259658 1714925458 0950048642 8193072375 
