8653310934 7410268460 8835101765 5232979279 2588642969 
0577225713 9082911909 0719641708 5384594544 3359918962 
9618258137 9576619525 3377709395 9309375586 9597915058 
5469590600 8160034355 7079220572 8418485855 9961647715 
6190633768 5043293655 4547474297 9308228403 4010421477 
9400494818 0654572922 4483426104 8015204893 3259789368 
2357594775 8489390796 5398613200 9777388783 8900230664 
9650673186 5265056828 3958219625 8033807020 9708988714 
1462158565 4426237525 4313938425 3212757340 7453319116 
2955171187 9136992703 5391723508 1499866237 7944284188 
4334571492 9271033322 6630993271 5918117779 8427378975 
0147894332 6849720515 4307237560 6399877296 1668725323 
4709907174 6405402407 3987653076 4999282725 5557333971 
0224468522 8197440635 6741544233 9895224040 4254833976 
9553714731 5990391151 9958160949 5985121037 4536599442 
4396455866 2189512073 1402017735 5678185319 5745001591 
3861910640 8997869328 3136483900 9613757106 2723478005 
2282421184 2642755283 1612858697 6015660464 3183353361 
0397233746 0199915388 9315730285 8826916092 0494884541 
3009226258 8377714048 7965516015 5435937451 1078984718 
