7870042503 2555899268 8434959287 6124007558 7569464137 
0562514001 1797133166 2071537154 3600687647 7318675587 
1487839890 8107429530 9410605969 4431584775 3970094398 
8394914432 3536685392 0994687964 5066533985 7388878661 
4762944341 4010498889 9316005120 7678103588 6116602029 
6119363968 2134960750 1116498327 8563531614 5168457695 
6871090029 9976984126 3266502347 7167286573 7857908574 
6646077228 3415403114 4152941880 4782543876 1770790430 
0015669867 7679576090 9966936075 5949651527 3634981189 
6413043311 6627747123 3881740603 7317439705 4067031096 
7676574869 5358789670 0319258662 5941051053 3584384656 
0233917967 4926784476 3708474978 3336555790 0738419147 
3198862713 5259546251 8160434225 3729962863 2674968240 
5806029642 1146386436 8642247248 8728343417 0441573482 
4818333016 4056695966 8866769563 4914163284 2641497453 
3349999480 0026699875 8881593507 3578151958 8990053951 
2085351035 7261373640 3436753471 4104836017 5464883004 
0784641674 5216737190 4831096767 1134434948 1926268111 
0739948250 6073949507 3503169019 7318521195 5263563258 
4339099822 4986240670 3107683184 4660729124 8747540316 
