0884700960 6077890762 2069368407 3784963360 9634250958 
4708257256 3368126700 6429102982 2279991576 1939412305 
0106656193 2438529131 2270883071 5674719682 0218627201 
9484744691 4775099587 3774866029 6312621123 9362626843 
2315339171 9356913789 8919660667 1277097343 2280825198 
4750619540 6203449333 0703784267 9837994177 1882384778 
5730492398 6255856611 6335286152 7957134353 1452481039 
1638351705 5077877222 9762397920 8407088711 5866239919 
2331933649 5574109949 3754100667 9688014265 0207310666 
3321903729 6882469804 0807054186 3178851938 0478271412 
2565417999 9425208472 8832820347 6858489725 5257471819 
4114111004 1741566799 9996419753 2840324093 3119063192 
1047134670 2337851518 1682298661 3438461795 5922289227 
2724792951 2697119023 2496391380 4404399574 0500927120 
8186132542 9437494680 8034952740 2878663862 4393417108 
8576574565 0985947669 4892184500 6405465630 0785760186 
3379039611 4271309657 0463860917 6346038756 8116961674 
2477001757 0120962241 5995297606 0385348857 0014814031 
3700112802 9694543163 7235112508 8021191385 8542622105 
6899489951 8301809141 7190615926 3693473649 5307154175 
