9066678807 2282014882 9198820515 5707763583 2956721911 
2203577042 4951685061 8829530889 8891337742 8009260557 
4823119088 3191031319 3929933455 9231342822 9082449525 
8005239231 2035468409 5918118037 6700411041 2429520600 
4167497605 5582275384 0278557228 9944290970 7922037347 
9880867350 0170223540 2887074872 4156877915 0621465248 
9173325524 7701844863 3360423791 7427498553 4336281951 
3765938627 6403281742 6362481472 0096570576 1727339321 
9713701624 9943760722 3256132787 4249377778 5892693303 
3596401621 3344136498 4027113913 3842747075 7769543778 
6011756649 1086194270 7182917441 2426544459 8136378594 
3440204322 8658975463 8643482729 1483675790 9061246208 
4323439039 1923443343 4967727735 5611142132 0014394443 
2273203813 6908572979 5736326744 7789438657 7489038591 
8099259886 2969779258 9137470528 5779546130 3205433036 
7752203355 0855052641 8524683519 4929346835 2432860294 
1689945753 2838210307 0059714264 4539014090 1802991823 
3366474407 7884707202 1623062385 6055975822 1344837729 
6299598832 1194341336 9458344614 7835969370 2832682714 
1048481452 8829052616 6403281494 0818402437 6827980831 
