4945204633 4013147931 8752237377 8064144956 5756210605 
3033737363 1466749971 4281990742 3970558598 1535036662 
0904650584 4835829037 0627882179 5170109549 7639603291 
0465540606 9264586302 1268740270 3333762870 9008636077 
5717231275 9161950765 3913377632 9195822156 0239574342 
9344688712 9808461218 0268971042 4341709083 3099109858 
8888835254 0859422769 1776828812 0756179439 6901190756 
6345241700 6163200810 1418475332 9081130030 9310975867 
7073036318 4254529334 5309766615 2917523663 2365647421 
6904228061 6975156053 3305992507 9176825022 3646459995 
7033774761 0841475018 8599883026 5520406832 2532391058 
7244894132 1492042015 0763661972 8900040605 9272042496 
2760719992 9997651568 9850478820 8519098035 7331157415 
4465550052 4131490124 3989950767 3779114797 1421276661 
5553657000 2998064352 2358559463 3402915196 5574477372 
5774525517 3684677241 1482287637 2680019635 8448624260 
3798649865 7582130805 1254867753 6718044961 8700159104 
4738793424 3041878546 1787045785 4366494428 4385030411 
6481926667 1849752526 7073658399 3025400618 8659463004 
4259349864 2188736746 6779140102 8992193519 0341984732 
