5760225853 1948483933 8206114648 0703648997 8670865314 
0531734815 1432465185 3400564085 3019289907 6360160091 
4076707687 4864987866 1447241643 8426254922 8598167910 
8129205218 8229151944 7434704103 6192619822 4968865018 
3287881228 6552614944 8724335598 6406705534 8866764216 
0769960153 5508232824 1827071561 8196314343 1092962804 
0525693801 7210064387 4560935856 3665337540 9615209936 
8441090064 2345559496 7899258652 7173749829 8037176386 
4415540833 9933247328 1309549009 0911694426 7647099606 
0513667034 0174411830 3662250489 9102028224 1044980053 
0639392246 5176432819 6320044478 6431071064 5181829249 
0155470746 6301366585 0277505079 6766694470 9231116950 
7428457926 9198646547 9689769857 4424712025 0261993627 
6904918689 3853796977 4824130205 6076304338 9224736757 
4753831471 3417546782 9749624477 0665409381 9818294053 
3952786677 2898388482 8299114239 2773632457 1601437337 
5263048026 3249421654 5565767197 6751934720 5464994425 
1600989150 8526537508 0025107560 5432655377 2723422307 
1969679452 7224661597 3866021741 6890391227 2254713382 
5915532284 5251522669 4697281730 3175525367 1085191135 
