8876542544 3579041298 2410354317 4423276434 3271370654 
2099632157 0636406096 8713845246 2456633526 9130122078 
9207803854 1203760206 3411955394 5346946694 9309162079 
5819911659 3075741982 6929877866 6503659082 5853102107 
1701501844 1367529138 4847390819 2235647086 6562195031 
9865198555 6903747671 0947140876 1353154871 8159302781 
8838207813 9400086999 9670451740 0589029294 7204951246 
6807390951 7224305516 9301048038 2781475446 4193770269 
4249327243 3681252024 6015715348 6104406075 9056332037 
4178837147 5352143957 2777882746 3861841608 7213432549 
8236900483 7382182638 4009251021 5599762824 9241483239 
1100246927 8925362538 4807769987 5241682775 1579814453 
4559218091 2352016230 9235618726 2035618063 7137437050 
1246256812 4886351162 2694756689 6813619087 3913861168 
2781042246 6418488137 7491637758 2353071751 0933636515 
9207832028 5074878177 3294567957 2288027029 2533039303 
5629609655 0908111234 5990450064 0983146260 0113397660 
0372981338 8131614498 6246073840 0410387389 5233467701 
5604765647 6774375309 1353036027 7306494854 8181815798 
5558458713 6278315376 8046482215 2484180500 2436048592 
