0424819532 8836784036 3878995631 9332163183 1778397529 
9193755242 1965960896 5065537394 0446089822 8965083088 
6050908902 4965126472 1191096922 9403866059 0913782666 
3597944840 7832676362 5443829738 2631612385 1271358831 
8951107258 0994198572 3942638965 9059498278 2417809235 
0475995807 2822879833 8367066100 2041595376 4569087593 
6082090530 4646456054 9835109037 7847790876 5197460005 
7493782685 6962268923 6564736896 6400237614 2139140408 
8530228530 1422924022 9342391847 4607289182 4401584031 
6196570370 0511650374 8328361213 0517927679 2029495844 
9610757873 1219312362 7924907087 7470494027 7207668639 
5128995958 1037918255 5275737019 9035639855 1282402947 
9351343047 0149853316 3414882724 1470870511 3722107326 
3781677079 5704244352 5424026587 8491032309 9442185047 
6571047629 2622152637 9911773502 9455404147 1979736189 
3916413646 7958250810 5253622100 9567308707 0599535110 
2328225540 6880818424 2461329055 0341124636 8206259564 
4292917574 0192009705 7467517837 8709497383 4620003515 
2023509658 2205132349 5188128809 7417013828 0072774927 
0607384295 7867654565 1223280696 0187359279 3842250298 
