2394526545 6615376890 9500376120 4162565183 0107353700 
3907029150 2047537142 7789436880 5917320302 7118577899 
1766663425 7164269537 1669593318 3141768646 9920393292 
8731478065 4549961055 6358587858 0355988938 2532562784 
2779752774 8695905829 0178435317 0386419677 9140765048 
1298094383 8768811633 5995347497 8349632584 0425665564 
8835230230 9715263896 1085263284 1399355173 7005570157 
9243314557 1339263506 4912691032 8745743368 0168470883 
2101983180 5725899635 6417499479 9914117646 4087830985 
8738876012 6224392915 2513512743 1631142409 1659579854 
4231194074 2639141995 7370081936 8632439542 8889189215 
9073355711 7772516588 6954494464 9051569573 2422360494 
2910611398 8187879781 4569230082 5681635089 3376885360 
8784915097 6140767272 2017652632 7006304042 9882985323 
6041000240 4018299071 5058209534 8667865854 9147523103 
9176530439 2444451966 5134251485 8865935725 3061878933 
1732908416 3403552216 4741041543 5261375821 8181879127 
9065282108 0566445817 0081884621 2095327641 8823619373 
9371584541 6545004613 7634755726 9167252476 1025578021 
1198221219 1616769247 9946814851 0221108354 6869776047 
