0650797023 2697917944 6640582545 8784123513 7839159878 
6857658017 4717357584 0055450021 6991566248 9343277570 
5316234398 5746512112 5566976159 5794165500 4309278395 
8064367856 2017610936 9534322744 2032372778 2921264107 
2792733153 8805426571 8719523146 1476085124 1207116214 
5370705234 6098735285 2535263985 5517375988 6215228325 
2706233171 7710576468 3442071121 8489697162 6329212490 
6141666241 8876041786 8396533520 8134039931 9997458485 
1636867649 0886859104 5268078730 6216050214 9585919378 
2271492653 3322860968 5365050398 6140379957 8393235926 
8091077890 5485558610 8859242822 4225927744 7736511781 
8270019813 8853160730 5680336579 6762717845 7774291699 
9791936962 9629072997 2681030497 0969706175 0361784872 
8049157145 5323402489 7008651825 0571841390 9708998144 
3210863274 3076295346 4830106029 1760317398 3162988558 
0769714433 9567729015 2947924948 9257305310 3628809298 
8571097742 0343390389 4241774960 8496785311 5875752446 
0721062635 2217999579 4483282496 4981796880 8777035604 
9069740609 7558151120 9516205013 2770910780 3913461147 
5100496986 7719578046 7282368221 7588508555 1218737882 
