3843550239 7135356476 7531284887 5111455843 9441307561 
6690802194 0470540250 9256163887 3057995935 7100709542 
1524240238 9738661449 8430269643 6156975938 3503580008 
6525206634 4823250934 2891281594 6824688131 1076706480 
7271539213 3808549088 9321744630 5978858112 7442534488 
1319621755 0745390469 2292260778 6828636587 5156680944 
7504786267 2273570769 5371489726 4860136280 8015084422 
6326597221 1471187217 1544581877 4261586970 7938869559 
2310355347 7448442710 2772791812 6541939125 5476048443 
1809343679 6646334042 8283327337 4185062986 5499460012 
0905668609 1094950352 0844183899 1634030696 3343519971 
3722340451 0183936562 8394905715 7411991738 8142068644 
9188564896 8163335519 5066000928 8433325248 0673558417 
1337496171 5055093426 3718940232 5303542599 3843941877 
1874208814 5543543561 6430348910 3148152057 6588694447 
8270644910 9953352128 4325191049 1246905432 1738051067 
9418598805 4401289425 1232589909 9623123240 5387739821 
0144640584 9655974158 6595232058 1449885251 0376930654 
9748931350 6032936074 4818149989 8201118274 9277815201 
1324046430 3834000930 2231080547 2595975512 1674670665 
