9229444385 7107582935 6865159801 1790199480 4535824717 
2345030176 3989149022 1449489021 6019868415 1758737919 
1682661098 3857384537 6528041890 0933755032 3487675887 
5765835081 6808489804 8899461346 3846758358 2758945004 
6648026022 4707959607 3112347087 0190122939 6384219925 
0887685371 1199854331 2937242948 4757883611 5174083358 
4375331090 6659427013 2580329543 9815269206 8105480421 
5521024796 5114545433 1971153057 4099549378 3836932001 
7065641023 9939685203 4151317330 9251386082 9839610344 
8375643485 4709456374 1106045616 6683280263 6976055941 
0786005301 4854032125 2825322327 2517323249 3557882265 
9395950837 3340095059 8453008448 6154937608 3077293236 
9780539020 6948984365 2286792858 0781581080 8580649532 
6331730564 6816091785 1471254000 8807225793 7135985919 
6020321176 9851661813 8205726664 4879714560 5056476417 
4273684189 1450673424 5675641604 8290309818 9791759567 
4479970441 8481543956 0470233784 3568126761 7715798737 
4873165244 5882100164 1061928767 1529519773 0961257950 
4013279951 2512304460 7173765330 4434889758 3775022006 
7414677801 6973228005 4567344994 2537241384 5823677596 
