1796994113 9738776589 9868554170 3188477886 7592902607 
0043212666 1791922352 0938227878 8809886335 9911608192 
3535557046 4634911320 8591897961 3279131975 6490976000 
1399623444 5535014346 4268604644 9586247690 9434704829 
3294140411 1465409239 8834443515 9133201077 3944111840 
7410768498 1066347241 0482393582 7401944935 6651610884 
6312567852 9776973468 4303061462 4180358529 3315973458 
3038455410 3370109167 6776374276 2102137013 5485445092 
6307190114 7318485749 2331816720 7213727935 5679528443 
9254815609 1372812840 6333039373 5624200160 4566455741 
4588166052 1666087387 4804724339 1212955877 7639069690 
3707882852 7753894052 4607584962 3157436917 1131761347 
8388271941 6860662572 1036851321 5664780014 7675231039 
3578606896 1112599602 8183930954 8709059073 8613519145 
9181951029 7327875571 0497290114 8717189718 0046961697 
7700179139 1961379141 7162707018 9584692143 4369676292 
7459109940 0600849835 6842520191 5593703701 0110497473 
3949387788 5989417433 0317853487 0760322198 2970579751 
1914405109 9423588303 4546353492 3498268836 2404332726 
7415540301 6195056806 5418093940 9982020609 9941402168 
