3995722855 4593078385 1914039504 7441361758 9100741462 
2681929769 6949886128 6529855178 8024993319 6635638248 
3829419247 4319235584 2676350731 9858030301 5343074861 
8243783252 2793357993 8356853781 1327556538 6473002476 
7430672375 8445557066 4332239670 5837897501 9401109845 
8453031203 9741608149 5286336512 2483951151 4265139521 
3619949280 4776145672 2848443128 5659615449 7313827859 
5330767369 6014941586 3707036217 5658670104 3035869611 
4579171483 4458205482 2959711665 4702113627 7282493540 
7946290706 0140372016 9035778923 9932630327 2607254506 
0040364605 0283809296 1007600067 6210935821 6154880968 
2798180459 0876990755 8279711149 6748587103 6597981779 
0055992046 1992108621 8833393864 3676754535 7823633698 
9088161935 6421821095 5951100939 8375374775 5465860778 
6559433062 2484912789 7875450813 5580009553 6186322477 
8945578216 7285821565 5834857416 9205578223 4361503253 
5519130694 5196005289 4986940468 6558645288 3932391961 
2404399594 7790575543 5190582258 1270246825 7321602699 
3531237621 7316256389 7324757116 2859606999 7082939495 
9814645468 1242911928 9449321675 7893635877 5236587083 
