1262612976 8952214037 1213333713 7363657009 7496111467 
9547389402 1625486684 1463524981 4865684371 2993256610 
3690320984 3245244363 7457892832 7453254010 1378735460 
8708578491 5339133018 4879650215 8881092990 3714350114 
9621191972 4372703633 1890117992 9310091989 7206605891 
9499183852 6986780058 0939230917 3781954298 5085168466 
8129923342 5946670761 7776755886 2080126141 2614640886 
1560637038 6756461288 8143788618 1688406921 0573731007 
1471275560 2825523846 1049428731 9949838014 1927494375 
1006947906 0959762757 0407425605 2792040373 5132256437 
2053200969 0271261787 8841958243 9234331652 5246682094 
2546627297 9348242095 0273277702 9535981564 9824733818 
0616393871 5477491975 3504932179 1743206684 3409206201 
7580847783 0518875496 1244239520 1189649070 4766018606 
3573332139 8793734673 9149080881 2351345513 7740715586 
8222354558 8457544686 3433377540 3138713026 2607146224 
0117170602 4010652254 9119864684 3096415721 9449244602 
8281732525 3667035372 3004242498 6606480531 1275019543 
5652322568 7382635156 0617978177 4903631475 0495732032 
5827228208 7901580037 0394722078 4711440853 5302162674 
