0506650512 5616695005 7399083273 2506899521 2697526160 
6027252472 8366524467 6995469356 9475947257 5668558118 
9425853777 2576809839 7685880649 6441857538 7172908716 
2366584295 4600064572 8360531387 5813863629 4410431346 
2995374182 7762718530 6159193426 1217713201 0310021145 
2565766902 8709745553 3109073858 1112895514 0392716687 
5224799849 8749917850 2589268902 1482459578 2590518644 
5482530867 0960541524 6391648674 8199695691 9637597196 
3039809610 5803354613 2789435981 8435086974 5259200054 
8590030372 9616830719 5762268543 5364173118 1745095799 
3316477690 7746402740 2590525538 8091862936 8604586739 
5211331046 8554748440 3817107250 6636910145 5731473828 
2505357057 5661393917 5526069518 6896492503 4468664749 
1465261560 8550503791 3942029819 9422219947 3543823178 
3223036847 1373302474 8559429826 3804065129 8489197127 
7312697939 9424468368 1397971930 8945153130 1022820717 
6024113229 6391228061 8157095376 1845202287 8633617842 
6103531073 4175920397 8291654370 2395343092 2591085010 
8056559187 7252777554 8002700192 9461414415 3767227568 
2553321417 3720140747 1347884434 3631675916 1438722559 
