4330494977 1961233842 2266160489 6439624205 3267797041 
4308024116 4011968089 1010920634 2903802792 5515696795 
3244161928 3486641083 8286054415 3699643659 3196913777 
7870059360 3048202291 3026514592 2961345580 2971827243 
8419687672 4370844926 3675507056 3340502683 7199449354 
7326526563 2066274380 8369958263 3516760708 2354952985 
6158343311 9524392297 0039879106 7526831494 4224875870 
5971197501 3571688080 7708801638 5784327781 8151302778 
6831168589 1946114301 0895892183 9289713359 4139288856 
4885450916 3725939835 9742076715 7074607149 7524605986 
3989669574 6231577768 6048797201 4803576795 6484589821 
9702887616 1231947013 2095592421 4488355505 7627232344 
3484264260 1175322306 1822303565 8508047011 0118991932 
5257172054 9962926641 2977350428 5043702622 8972358528 
1626756378 9630203898 4743559480 6121738739 0668535438 
4530392931 2988193883 3041183423 7783614780 5975750584 
0662254133 6293357809 3194781966 3929742350 3908480593 
2006978991 7678833968 6913197482 5886474708 6279971313 
2561371727 3081653340 6139462568 5505907275 4586450686 
4656527768 2555342972 1408833837 2788201028 9029324031 
