3242102002 6106356642 4436966120 8304176869 3220104899 
3451559732 1174663009 0867120083 5572420529 2251062850 
3029406692 7058050440 0681819227 3514256346 5843548110 
9593207340 1274969490 0025447207 9736037916 4669703195 
0338328483 5516767605 8310365452 7085765549 8002823947 
8223137188 7039652164 2078414038 6320050168 7559289244 
2489164321 0796200313 7110746260 6935918955 8182399883 
6591531097 0042358174 2946007359 6124743290 5721092909 
7629241041 0656620923 5037924431 3926890303 0622034078 
7058475213 6844349814 0066439968 2817772883 2830680829 
6747485107 2684228563 9503119239 6793997022 7828083290 
4039187942 7012564031 7319867054 8090381729 0109382677 
0327618187 3338233299 2873542517 9121467416 9684443841 
6099579217 3492547541 1516955036 3292946067 2187983817 
7984886836 2782909979 8430217204 1753625222 9967274325 
7163080332 6267942700 8834667993 1237227789 2804907269 
0634359386 3344827373 4946871808 8069450888 2406899726 
1658713437 5187407124 4353589993 5749505763 9105502602 
3488483193 0109776287 5184555561 4279728428 4876039387 
2130490902 5418488426 9775140116 2693761395 5045856899 
