0473003987 6222569569 5285227027 0070700223 6312782756 
4720918907 2366145338 3150645086 6015716672 5030442531 
3457307614 2482529934 7355082009 4811107402 6427032879 
6135455899 7238769243 8810975970 4444572797 2255955821 
4831857922 1168381920 2237666014 7053550332 9905663899 
6113950200 3559003953 1431485319 9973395611 0064596295 
5582149616 2158045516 3249615249 8462549133 8666155661 
3057471073 0660649476 1259251347 3986724042 9470527139 
4587005711 4461774359 2489199997 7985398589 1554580117 
5707545841 9857074644 4171573528 7088318155 6649067116 
1372052484 2124067568 8333346326 3093946744 0591539281 
2434686527 4150763671 0833294679 9307960121 3226236297 
1922889061 1294395686 5890674688 5822588883 9891650188 
3553307523 3198157903 5535868551 5578206546 8218332159 
0742910347 4695675663 3924854152 2364537150 0388621789 
0263431378 5302662274 4881799998 7385332341 5250050507 
5994452916 0103849242 9647379231 4485199676 4003120426 
1931101839 0010745597 6932457439 9651968221 1157017225 
0000780185 2007690927 9952748195 7223522490 0924551021 
0083294350 6047090382 1762340123 5278483873 7727314319 
