8123533121 6735074162 4784195463 2534461520 8289122378 
0469229085 0938628075 2677373364 8916752751 0886718690 
7485731511 7987191127 5897371721 2220069790 2686270153 
9770333762 3539168573 0235327780 8051500852 5981753295 
5508078778 8667281565 0966691615 8391127216 9869938875 
9112688648 4854534528 9838450017 2007531788 0961273477 
4403004524 1675032393 0383670617 0710130550 4380587173 
0675668335 3374537830 3685599937 7590869513 0621846552 
8579235933 9174191712 0541796998 7256132453 2665773975 
6970932170 5621938004 6148285749 9893752316 4351347470 
7365882098 1060577886 5416514732 4898178700 9463013850 
7925592226 0729715226 2038819437 4843914310 5940959925 
8433446565 7681739689 3261104598 7010037275 4352511637 
7441612272 9999410186 1956605142 1596941206 3551314485 
9719545286 0809748682 5487452445 9036260473 1380648393 
7973446818 6624970072 1554710601 9350023864 8389343756 
2276350127 9258494173 2643662372 0232785535 9419493045 
0011152493 7011476346 3415754264 0955747394 3069445635 
4236208121 2241176373 5769708677 7635930193 5638364440 
2889363050 7833322803 6674743943 2486570798 9508525087 
