2741832683 5271995157 7926527198 7637499790 7620843894 
6347212620 3607830817 3814280478 7855497828 9786227472 
4417700301 6325501339 7053724176 8281532351 6176906921 
9970255699 9620546424 3726535775 4725102403 1299435538 
6459483147 0194940156 0266849430 3183783693 6554661866 
5662547082 5860748948 3972825155 8916038553 4950645138 
4744221188 2756298620 6331356921 3435053541 7532546229 
4273857018 5142216047 9791812391 3581857023 3638135445 
3571127711 7194321660 4661431015 4741982155 4929047562 
1090189572 0806062349 0880290406 7854566746 3724177248 
6811900742 0655784822 1929501065 9668353520 8679087585 
5344900927 1325107353 7813112328 6004105291 8835504828 
2568212439 3180978579 6664144164 1974384650 3597543167 
0418385214 5907794335 7731496484 5742148608 5488674529 
1314574589 3151848342 0505854272 1160275207 0105302881 
2182044257 1850407971 7735193826 4441514303 4000038965 
0835476069 5211261435 1514494096 9915151783 3258517247 
9894740524 2061004598 4073638435 1138298293 3537028551 
6415328184 6898780435 9217581976 0111037188 2601157152 
1219899280 3575460838 8740947375 2204063912 3362898280 
