6618731953 2355292040 1422000951 5480880706 1007453865 
6397258970 8030327985 5124057096 7529948775 2503483811 
9148447639 6069023998 0085887510 1161290060 0807691194 
3810302609 4948065984 7619690480 5932178521 3998286590 
1636139729 4733342452 9757842997 5902328892 1228876174 
5364343158 3753143784 9574608874 7373425879 5875821990 
1935389814 2294239179 4151561315 3979302514 6413798608 
9598876754 1369432304 0487028555 4197809229 5804469899 
0192904558 9068465978 3833799449 2512716049 4133779070 
6486578589 4967575994 0506175576 3293475680 8289220291 
1154918648 8201592146 1776544992 1182725498 8676568962 
2517063614 8321951406 0308448688 4294749081 7141227669 
8952976652 8467187010 7291933779 2928244353 2431382852 
0635706158 0769259282 6032221194 0276877904 2924083653 
2323215102 3540753423 2109476053 2101716780 4788960416 
8510719739 6939918618 7946346189 6797135467 8672244029 
0516444396 4782932669 4635849186 6150401165 5032137958 
2388464035 4533706750 0146824508 9396350840 7963388339 
3164400215 5762948765 5451496229 8494573570 4556398458 
2865390103 1203119955 8632978985 9964274241 6545640221 
