5526931176 1821934040 5280497700 1395818569 9504506269 
0832184422 0985806560 3603966505 2040509265 2944916311 
2247412243 9854552334 5939736021 5848895956 4576035601 
1239472260 0290911023 2358183270 7760318192 8957893191 
2004228297 2271927680 1057856446 6733402031 8606579759 
9897673630 0451553441 2122274649 2117841921 0429930233 
0475459340 8148695733 8855853118 7892572435 9962470195 
8104940834 2713006597 1636437516 5746371024 9870536291 
6929006099 7979798208 1471471311 2899508518 4920039864 
0461465302 5099491414 3403583695 5688421615 1820006672 
5398585320 3567078753 4474101821 3449970395 9178739753 
4962114723 6777151075 0644341932 0670978481 0139061194 
6814299656 5946949980 3015015050 4394991658 1936434061 
7547120060 2325330510 0568566199 5398852109 6991796810 
3065156627 6114001239 3944127405 0406560022 1709854777 
9644246858 7486319694 6189551035 1333916411 9590397189 
3876105442 6423024644 1278596632 0148479552 7322743409 
2863462009 8405982453 3857638615 1933644320 9833918195 
7496295052 5271704159 4110329416 0552007079 7004452742 
6550329106 8016829182 1505488657 2979083065 7332005667 
