9090070821 3307230896 6211977553 0665918814 1191577836 
2729274615 6185710372 1724710095 2142369648 3086410259 
2887457999 3223749551 9122195190 3424452307 5351338068 
5680735446 4995127203 1744871954 0397610730 8060269906 
2580760202 9273145525 2078079914 1842906388 4437349968 
1458273372 0726639176 7020118300 4648190002 4130835088 
4658415214 8991276106 5137415394 3565721139 0328574918 
7690944137 0209051703 1487773461 6528798482 3533829726 
0136110984 5148418238 0812054099 6125274580 8810994869 
7221612852 4897425555 5160763716 7505489617 3016809613 
8038119143 6114399210 6380050832 1409876045 9930932485 
1025168294 4672606661 3815174571 2559754953 5802399831 
4698220361 3380828499 3567055755 2471290274 5397762140 
4931820146 5800802156 6536067765 5087838043 0413431059 
1804606800 8345911366 4083488740 8005741272 5867047922 
5831912741 5739080914 3831384564 2415094084 9133918096 
8402511639 9193685322 5557338966 9537490266 2092326131 
8855891580 8324555719 4845387562 8786128859 0041060060 
7374650140 2627824027 3469625282 1717494158 2331749239 
6835301361 7865367376 0642166778 1377399510 0658952887 
