1104039316 6428946073 9742761327 2069913773 5888776468 
4076726016 4503796909 0673762491 2318156946 1325842146 
5112430180 8862838501 8727320829 3049320534 8834908022 
5799962089 3153820434 5874620625 2362968122 4077557166 
7614708332 5307435180 2801564661 5241233577 2666545968 
9501535120 9640740987 9933525112 4236839325 5508040779 
5389065135 9848693148 5726874899 4901408530 0106254036 
9844024339 8573821267 7629454919 2772819270 7271007595 
0541945450 3790918051 6361580836 2888700153 8672439450 
0702749898 4321855676 4740324714 3923664843 4111606209 
3101960182 5031780683 5398572583 9133571334 4930361449 
1708665979 7233388145 3092174031 8117477520 3258167433 
8945826496 7527525203 6112627367 2109764543 1340238065 
8720112513 4514611723 8016383594 7268752281 7638356655 
8961886132 1672998939 4014941251 0356465833 6368877609 
0658837696 7418291919 2031194564 6978094249 8386090416 
0330963764 5292794234 1930023017 4005434322 5854625094 
7435455170 9683543697 5603565019 9238514737 1849267059 
7233277579 7911738152 4743531633 4241172984 5894129107 
5045550428 8587776273 7340663304 1603918082 6874172606 
