5961598933 6077863307 0199222318 4666488893 0452715240 
5511746120 2230160366 1921939366 1579378673 6961581625 
9730058212 8112825576 4679594940 2814667457 6045577470 
6739022001 9769831825 9700293819 5414927590 8113373323 
6058858777 8716100672 5835962326 0496001605 8991488934 
2204736161 3271007545 2300484394 3109899916 3722188623 
2625722472 3071197918 2304944435 1403357447 6639708361 
0698607144 5700692763 9663973492 0292183462 9764438186 
0189376688 0534512777 0384815690 8540614032 8036150280 
3860949033 5348932303 5792511739 3530415841 1332654712 
9056739888 4435930822 2830330322 2116592985 4191965597 
9718488542 3887158089 1403693016 1717257001 5570614836 
9068127422 9550279346 3522645006 8693430774 8207466636 
8747614762 0022750181 5517969782 6673741459 5043870588 
7238733896 3291213957 3039946630 5434028913 2774681687 
5466950216 1412465503 7009126591 7983029038 8734841761 
3972343394 5569356600 8380160943 5561378553 7468920714 
5442337764 6719631384 6465263157 0101713235 8397487466 
5442363027 7928541904 5015666457 8818599794 7897125148 
1140502377 6902617289 7930130806 5657163121 2120791429 
