0705421508 8898379545 3659164355 1233417459 8794809276 
9417511490 3117460552 2455785458 1355867021 5309007703 
1955655899 5997468057 4161333836 1641691140 0992334155 
6438683622 5866442807 9403362670 1052266693 6192467472 
3713640905 4289852051 8835100369 2681879974 6564705254 
5068268393 6264069944 2231179129 9733364106 6781735915 
9716289832 7417728872 3020526098 0424875777 1006988196 
2403729127 1628455835 8478403404 9243648781 8337243203 
7161878814 9318366321 3242424242 0147187986 6012908295 
4490209873 9959542872 1390667769 8275630891 6794217401 
6882358765 3975042030 2448986418 8963690963 1627012055 
7681969929 1549927751 4254378812 9467665083 2503512671 
6846644844 4547240410 1245280642 1783273222 7760436916 
1028807835 8871843710 0518084017 9580141083 5281635163 
6038053463 0763891947 6150186986 7367060501 4755654519 
1255634854 7440616202 7393835035 6278561529 5889468170 
1699940143 3231109528 7212448270 4720605460 2585006670 
4075791114 1368279069 7868658711 7792043561 1489299687 
1988803259 0349546258 6850786451 5607372171 5399533910 
7054574208 4470048998 1128289942 1602122209 2624494727 
