4540561035 8209264251 2678039819 0545265944 3737519428 
1321713703 3612591057 5516989928 4729469534 2429807232 
5629025888 3626842678 4470298363 1329496605 4416253861 
4748828347 9816732288 1097848769 4132343671 8833482975 
1327755520 9811183566 1299848568 7021734497 1594558142 
0516760136 3168104474 9870916364 9431566670 0163412473 
1526314664 6944702228 6028071181 3992815888 7516372142 
6683212141 5092317205 7318911173 2882598052 5201560900 
4155477759 5240408913 5009403651 9708487007 4967833274 
3233588694 6312687900 9850231317 2066141132 1086076048 
6195706356 6245230487 2049297016 7945781458 2009036192 
8067821394 5893743377 7693126987 6868117124 8164084910 
5253884239 3336908946 3540923580 2310817255 7634997996 
9436459754 4489485664 7732804498 8676235789 1730215026 
9879645498 4277123360 2523960136 7889026391 2763167334 
8690099465 8881028631 0223749553 5995017161 8779405954 
2720325680 7509917230 4060405924 4759347558 7819231150 
7086038643 6400166976 9358844410 7736870284 5770379409 
2834941402 8221295864 0752706393 5399304447 2385084396 
8852757779 8355208317 5810709482 6865455149 2346771164 
