5118856722 3807600629 9878184487 8270052720 3129388479 
9820971943 2022757136 3520398880 0756097935 4968507222 
1738190964 2757568466 4407843849 7623595416 4378986071 
6673486049 9536429215 7690926961 5170952825 4210860266 
8881287621 3228288701 2394111213 5608499848 5602261674 
3503488305 2115199522 2130947223 1188245473 9260808544 
1215344210 4345431104 2835336107 2322446109 5047549030 
8238497623 3787723979 8576467071 4850727011 5503350791 
7688942855 3256555785 6891411105 3937681230 0764172733 
2335555556 9581979516 1678765161 1271588023 8173705812 
5843376445 4963932090 3363088842 3831346474 1325415758 
3408532870 1621478467 5273660353 2981421989 9900103996 
5166398578 1627083589 6248137581 1285205027 4683143462 
1865421002 8735798453 0641972173 3111903252 0073461929 
8128722951 7898245111 7703283234 7598640395 6270619085 
4550735807 9165897100 7776402290 3519770551 6514631569 
5428841424 3755797570 9689422328 8731250154 4659132356 
8223485632 3088186214 8691752544 4204250311 5517112520 
9326672093 5244538532 8575930785 7205196311 2677159656 
3353595646 0663812156 9917613427 1050357968 9346925609 
