7759229113 5575500449 5468093959 4198807691 9375288865 
0248971124 6859161951 1911805736 6233650749 2183673283 
9574906693 9668994863 8812546588 5588838303 3086427922 
3545971614 0863913280 1696867060 9674779349 7025136967 
0949211851 8268068371 0393297681 8279349090 4880992685 
2979497855 7333715456 8122911908 2889999649 6173672758 
2967722542 7182642232 8664001327 2432730924 2950923056 
6221346977 5602749713 1137749640 2160451869 3358959943 
3451701314 7431671669 9253553526 2519182296 0685511025 
5210661769 3913058993 0470440130 5553947858 6631684376 
9182864723 4353248593 8877973370 0023743444 0522305783 
3850423369 7486700501 6002866371 6354807214 2572742363 
4716598259 2000599527 3502863429 4139066792 6697237987 
3043735393 7957758746 7043870950 7356712455 4496603097 
8961181945 5417024559 2193009640 5938055229 4276921735 
0988195033 8542439019 6223556566 5095981189 5084955834 
7583267944 1371943347 7706441743 0687607287 3238603190 
9376467452 9189218392 7340565244 9125058695 6517611562 
0698125003 9315388458 1844064908 1930551382 2068081023 
9336308565 3595383285 0815185286 0249073808 8819397197 
