4192664563 4161448426 5115413169 5628352519 5911244283 
8262881010 3084755454 8973690254 0358823648 3142440595 
0604333637 2172311369 7973766253 7789832914 8146768547 
5411897102 3646587793 2945245536 6084629871 7097667145 
2153935936 2956508416 8679388747 4517768464 7019705601 
2062911196 5939271694 2878200104 7384226912 0842037473 
6338838627 4792663438 1707460086 1816517701 2473800268 
9102832486 1454672894 6437703394 3420464842 4196702561 
8791648972 5183867462 2230416516 0001856431 2996541175 
9820850056 3323952416 3204667553 5001335372 9684917467 
6463194134 9922374424 7224633022 0218595474 0646378821 
1882345939 4089968995 8667766370 1142952853 1270793556 
6323783256 1966782136 6570922060 2831025653 9135401190 
6621429239 3816411208 0696172160 4380993879 9300327913 
5193961605 4590672596 5724244388 6673098839 4948040500 
1995869954 0877610669 1389068427 9935646950 2459908786 
5610481526 2619488029 1622037728 5440431076 1915233096 
7613456578 9866492760 2310346708 0783909926 2754764500 
0231115988 1515250166 7563739574 0190577034 1261342041 
6359044808 3907653748 5827775259 6662854316 2988331420 
