7477826120 9504077604 3338836635 8024308924 4840348835 
4102870614 7339632834 6465783579 6697459258 7401134634 
5762321608 1042397622 2516895973 4768174285 1273772134 
8884312642 9868916706 9631623873 4200146948 9852142302 
0835510710 7105025571 8846277856 4403760534 1548737134 
0570353047 1604771067 7529320079 9083008579 6335058913 
6486977471 5093761225 6284483514 2793387526 3674570722 
2002567691 2748342237 9436606131 9862676094 4062105152 
3719848597 4737929740 6177243330 7773538025 4302218943 
9576676950 9566727981 2485008486 2642588484 5796771935 
6146646462 6014964951 4634714900 6188672601 3021674810 
7466054111 9266891840 6378835311 0563044170 8083578019 
9922329564 3474303295 9791358894 3793800972 7044258215 
0692797998 8831446725 3297689672 0924331096 7877870437 
2547040496 9378268535 3327799678 1762915186 7127754136 
5726683693 4910872925 6606562281 5915263350 4466949756 
7922949764 5839604031 2478260968 0807632457 2917963135 
7063805530 1817950615 5893461920 0552502042 1276892047 
2652351959 0844163705 9762275805 2733539905 7273772924 
5898431134 6620894693 5684628077 0879593423 6143426183 
