5739728412 1665260195 4384817745 0244296873 7870447818 
4580845669 8591816757 4593630071 2509929945 5902157979 
7126797928 6814183617 9452938114 7438345911 3049494906 
2545777573 9657448250 4189366105 0156722391 1406337904 
4269327671 7835728234 7840242922 9040376747 0039713468 
3438554640 6427071026 1175300913 0847612735 7563889344 
4957801436 7197801389 8265342437 7606720487 3056592069 
3328169737 7077205067 3214000573 6755344980 8955405386 
8887867159 1124076024 0287649361 0914648563 2435139228 
2896169205 3847422089 6046608059 0382309965 9189334258 
9079006223 7040800669 9792029798 1944092771 7350270127 
3368468208 6738310270 7947935530 2208227752 1544609273 
5620715171 9553874896 6819084680 2860662680 5266261730 
7395592893 2432766560 8205589264 9228114572 0789325877 
8236808279 3050500307 4177435351 4258764320 9181854326 
6940690676 0079190821 3420396368 9530945256 3340221307 
3020986458 6297689655 4724865262 4284611047 3665750904 
1771732052 3237414075 6584899323 9270868216 7942643268 
7569473519 1217476911 1157754079 9971999266 8288850793 
9039340610 3104213296 4682504077 0647705217 6909557243 
