2685966471 7698638291 4115377976 9760002581 9272394469 
2010496600 4285085470 0148091808 1081726650 4567967186 
6880646205 8478809300 7116714190 7849713393 9149939952 
5524545209 4946507843 4971981036 1428778184 0332205706 
9463951547 6946972767 7477064248 6460793923 5195654366 
3508307025 2079824653 7427425699 6945775646 2611987386 
2943453280 5415082762 0990662277 4358444862 7037670924 
8843139673 1265635680 5978534285 8198446090 0825022815 
0510636726 9141887603 9788319773 1862657293 1421807329 
0550935385 6244448880 8705158512 0556194413 7370328540 
5475722146 3407137369 3265521086 9322270942 3907542994 
0899442544 4590686757 4114322524 2616723435 2191278258 
5438845595 1679782993 2832364273 7457452544 5460529398 
9680626351 3733587214 8508088202 0551865995 8034081488 
3297012537 8123505679 3050818818 5685057312 3325755554 
2419605427 3583194479 7643249922 8822660435 5585233496 
0668090550 2905216337 7847463519 3474971302 2329493965 
5104159878 3974016751 6618593605 1793389503 9246620524 
5511268837 3111207852 5724424579 9623294450 1683417135 
9514025209 5179264681 1568298203 1361882739 6426623321 
