7427662636 8418306801 9080460984 9809469763 6673356622 
8291513235 2788806157 7682781595 8866918023 8940333076 
4419124034 1202231636 8577860357 2769415417 7882643523 
8131905028 0870185750 4704631293 3353757285 3866058889 
0458311145 0773942935 2019943219 7117164223 5005644042 
9798920815 9430716701 9857469273 8486538334 3614579463 
4175922573 8985880016 9801475742 0542995801 2429581054 
5651083104 6297282937 5841611625 3256251657 2498078492 
0998979906 2003593650 9934721582 9651741357 9849104711 
1660791587 4369865412 2234834188 7722929446 3351786538 
5673196255 9852026072 9476740726 1676714557 3649812105 
6777168934 8491766077 1705277187 6011999081 4411305864 
5577910525 6843048114 4026193840 2322470939 2498029335 
5073184589 0355397133 0884461741 0795916251 1714864874 
4686112476 0542867343 6709046678 4686702740 9188101424 
9711149657 8177242793 4707021668 8295610877 7944050484 
3752844337 5108828264 7719785400 0650970403 3021862556 
1473321177 7117441335 0281608840 3517814525 4196432030 
9576018694 6490886815 4528562134 6988355444 5602495566 
6843660292 2195124830 9106053772 0198021831 0103270417 
