6764415246 9548755816 4084358212 5850442476 7069969380 
3758573003 9057901105 1541477955 7179169312 7290959982 
2136411598 1595201458 6136789206 6666353218 3944579112 
9429493727 4642464823 9215477975 6157336708 9576184057 
5322098504 7485835708 9176635272 7809495354 2744825251 
1373938291 2378335184 1471827848 8180937762 5946725543 
3420690238 3755976584 6744498857 2971001533 6570259383 
8609837888 3705596616 5661226188 1245463878 0740364377 
5582925934 0136451738 5844624554 0764902961 6220229244 
7917789014 2432724924 5624610572 8329944276 7967831448 
1934670551 7570835029 4256732633 5264906514 1412102378 
6109329671 8863103717 1704617628 9311616725 9029067712 
2398588365 9641492455 3081207285 7084100660 7616854351 
6663530341 3828011338 1967791228 9974126655 2449513483 
3893463618 1282256499 0534115031 7914116709 3830767768 
7742325698 0342914079 9802919107 6113965307 7618040762 
2194451519 4026040634 7035679935 3883274378 5881520110 
8040649088 5175270082 0562380205 1286421842 4823002632 
4320559979 9834692623 2665644701 9563573006 7953905724 
4150398164 2390821362 3513271771 4586191210 3281123572 
