6993308766 2553440894 1512051799 0273147386 8182626644 
4752804067 2746408572 3801550389 4189125958 9373992650 
1687752743 7697415337 4817242203 7707128664 4907711626 
0315441711 9414108348 6068995295 0744477220 3362744266 
8184711965 6361571377 2424615456 0704796508 7831290013 
3434911136 2929755836 0906017594 9453796861 5068179085 
0760756621 2738100117 9182930761 1862991163 5574502602 
0212756543 6095113856 9094815424 4767226073 4006103733 
4261273608 0448553121 4757889023 7559057711 3174550094 
1185974865 2962705885 6391738971 5951598898 7014175869 
6486541853 2486377943 3780506989 3455538805 0523312494 
9841887573 0464447331 4445985055 2473986539 9707346233 
8193980085 7730435695 4761698282 6589381003 0602411218 
6656859802 0725337165 6135335099 2188595601 0788152195 
5992984830 7371141617 6483995033 0037898824 7903454105 
3250205495 5693588016 1545989189 3688657212 4748963613 
6718628188 5464478617 9243581710 1125518513 1787177450 
4307353645 0297615072 9230110833 0802551534 9518692948 
4971690099 1730394769 7333789565 0229561487 7878048366 
5828348275 4023019230 3690385819 7885343038 2855827300 
