6721561304 2476796509 9736738986 3963084595 3309944673 
6600527895 3510077510 6235405180 9506207295 9121477879 
2662633854 2879258977 5958630580 6465044845 2623913353 
8342627050 4308670094 6703622040 6339767252 9913651878 
4230658396 6702262580 5621222107 3354116185 0293635641 
6166557792 3776639586 0494693244 5508059036 1798644275 
5741294983 0210469698 6164493137 0103702775 0848601539 
6166586451 2853545304 8155982963 8298598154 5562592486 
5918632881 7630110149 9737206920 1538698774 1862165578 
2087885028 9708567829 7019269582 7695239408 2579589346 
6666688391 8358815549 0694368307 0353276320 7934945109 
3653994509 7204283673 0670351441 9631552887 5321482218 
9325967173 7078127140 5133474738 6080963694 5635120190 
1843916055 7338408051 6638291488 6247935137 9403713197 
9668758562 5948294207 4632416148 1962682888 4980096887 
5641317790 2657691055 5080254322 8031258589 9845828720 
8325735889 4763134926 0624962718 3220073181 3542439536 
4377056481 9295399570 0144554383 9108784491 4419368047 
1065163474 0311703744 8245850518 5788180686 6288441707 
9356604269 8003163236 3491203029 1975370099 6010666193 
