8962173187 6226707182 6314852284 4172794334 0681810310 
1838417534 9973496979 0135260460 8389864938 4170852934 
6927915834 5594247787 4147581862 6067224662 4811772249 
8568622989 7440438439 2184024560 3609191236 9895978248 
8064463195 5555593083 2816734602 3120406670 0724877475 
9980632684 5273202557 0156216876 6284058326 8894930505 
1939005049 5049587015 4003485427 7602462485 8846666734 
2385974454 5671611419 8430383570 6397426666 7038555609 
6452390357 0201073652 3283527692 0677221366 6358574608 
0761599482 5758902615 5644286649 6737256920 8046851174 
6267024678 7668603228 7965119785 7616442650 0255366220 
7997203999 8656146915 5119965918 9260998756 9195721982 
7550950647 5978615626 4742355786 4501138970 4199350997 
6406676557 1208502958 4211559149 4729075235 5349927410 
0851294919 3855962594 0326382025 2498822492 1444475588 
2700290036 7951870523 5762764423 5584183330 7120460124 
6299399154 8419581355 1255146770 9344714433 0924763732 
1501186127 9838185602 5571631417 4426442103 9231841248 
6156130470 9814802473 3881256960 5196772694 3832149010 
4652409981 5011833941 4506008422 2913194160 9950099644 
