9619633076 6171680279 9661459649 0848571740 8237805713 
1294396610 3687727269 7904349031 8967493232 1665723319 
0372154146 1036471884 2463568019 7125709771 2420455992 
7718940163 0807555791 5318038863 8522632934 9122868944 
5871244071 8739851310 9807299600 0054029691 3908632667 
1417923649 7562971925 0212883990 9708484680 4390717631 
9829838625 8976031273 8181027549 3426101282 4458351039 
7246172600 2712472644 1028393060 3677754398 4038462374 
6557117766 0427479404 4711025322 7526070881 9152596238 
8103594491 2100259215 6755099903 5984902873 6639465333 
6222785601 9878524480 7812000092 2672556304 3118702187 
8325473868 8044091883 3104825515 0339506237 0353459115 
7569487158 4408122253 5466146121 3368329141 7713871207 
9113256329 9696105863 0638814550 3829307065 0764250040 
9597837720 0913542843 2873110669 4070419993 2530568316 
9533185440 6218096083 4613197799 3381716591 7065487955 
2114439934 6369103913 2585349777 3805380142 4940934503 
6276165813 6895003095 1261057084 1234456296 0132807039 
4871467589 0101664115 1703939321 4698903026 6726605846 
7350596475 2748056178 0786795393 5510326849 1298676656 
