5426312732 9885291927 0082470877 4002213743 1156586969 
0760658990 8547798087 7564865594 1308902704 5689772974 
1955965501 0922193569 3238497816 2258751764 6552420925 
5740925717 6954688605 1901000316 0801289728 9870528610 
8542297390 9396815077 5009659717 3714600861 1522092622 
6085270829 8836437362 4387798127 7451170822 3680806107 
7077413663 3479557435 3354725066 3440979289 8991840821 
8150200626 2900581367 8154528485 7759527335 9535974840 
8724500538 8274103999 8701952126 2331698628 2803438849 
7269141695 8629503620 2722974886 8984900397 4147161674 
5751141334 6027344974 2355058780 7218665525 8735064125 
3083245738 8035608515 7662659100 8479072047 7045368897 
5071997435 6650630663 1675876113 4751644189 0509949530 
4411719985 1499167397 6622942694 4516621408 0877491355 
3673453065 1829997758 2014657530 8157940816 7503572563 
1308268975 2768694913 1751660314 1962741227 1620957829 
9745125950 7368949976 4786513098 3044553916 7618793163 
6640409697 7873117158 0041226555 2886370914 0625817884 
6923903643 9876794389 9441959633 2277331510 6241711111 
1758958204 2138226824 7158558623 1593661531 2894321916 
