5489282119 5976227665 8143596743 1904693189 7070954625 
4984802349 5501869231 1293664029 2909966700 8638784004 
2890442086 2483661779 0643020633 0593392032 2434365160 
7943257024 6586846689 7715343280 7721709879 8011814855 
1579281644 4921354300 1525299613 7723601077 2921085951 
3145995246 1659422716 4157476323 6570257188 0611706348 
7629262732 3600831252 5699654343 2189374507 7967445291 
5427894712 7228947044 6481314744 1242211665 9008100572 
1723304438 7008737360 5331646830 2928700555 7200190699 
4319987064 5446550624 2821727117 1245920681 2429481055 
0504047059 2410528835 7400656484 5472456074 8756247634 
7259620195 5416308086 9913086567 8696787553 9700812791 
1768669194 9683813515 0988085209 5827679294 8785481815 
8433903895 7648028985 0925724608 6253006148 8862865030 
6571986579 3656157955 9825729918 9432894771 6189620569 
3546728054 4185635018 4626344267 4857155608 8844337677 
6775181119 5879631684 1853639123 3749766123 7712587055 
7536771425 5354528010 2361912882 4660846856 7360849341 
3331195799 3354042333 5773588963 7805318390 9344428049 
2270352162 2308714944 3606730042 3117979682 8639051719 
