5157505209 7655902730 9967099890 2005130022 6332647381 
8452023997 6911295246 0615572933 6699654182 6787561464 
4743693887 2908878942 5992271475 6326206666 7329080946 
9862929534 3111076243 2816432736 0863086413 3864864668 
3683340341 1741724336 1379086047 8805680045 9754328933 
2721406080 3444750328 4344114611 7190967017 6253984282 
2668646838 8170610025 3649900743 1738470008 6148176164 
3196421460 9199373818 8776548270 6997939841 5393897490 
9461030806 0895210562 3723373395 5299064854 5654777111 
3235115058 3518723974 8697076352 2933435497 2561003011 
2158912678 3284926464 5292657116 1151465300 3449614413 
0407078693 7141792331 1666247696 4087635487 3990174775 
3710201821 1428142144 8246213204 8901366552 3144244134 
0428775298 1183566734 8556593691 7962558531 5367510798 
0671452796 6374589942 1031188154 7454807524 6518531702 
1824996705 8200928170 3471433056 4906110302 9660077886 
2186439586 2030912621 9537459319 1550111691 3315595473 
3941172086 1353588405 2045859273 6046321982 7022407154 
2061403310 9614862990 7590810331 3306591475 7495394365 
3870184306 5303834279 0401430598 2988109686 6287939606 
