8421340105 8668136877 0086255041 0669655362 2430760974 
8692066674 4068427555 9470825940 3759545439 3281264615 
1978601094 0922100394 6623938100 0248857808 2153053964 
1236263035 6804450233 0247943343 2134418808 4314692816 
1839236820 1869189398 3933307825 7939151876 5988615852 
6588303130 5482064741 9923861166 2169190459 7565625333 
6318446768 9507529925 8677730897 8113220554 5268932341 
1963774158 0704297917 2961849337 6516693756 2151464881 
3841726621 7153236227 1080278418 1377459609 7865572452 
1653492678 7608800918 8070751445 1795591893 2074648407 
6199051735 5858488913 3032806350 7879705231 3167676931 
5773731879 5949072123 7263799259 7153494224 1650491860 
9591639298 0515375415 3056010835 4141244266 3508841170 
8895426440 9770274228 2321287378 1858481377 3935509749 
3355511406 2446643689 4204535523 7930229556 9902568889 
2472476482 8569879277 7177043958 4369247240 0622209413 
2555494329 2326806265 1006560671 1248779978 8039988221 
4586345295 9171666248 1653228741 1553275264 1124896656 
2365362717 9051708201 5310026735 3958824702 2352816399 
7240153464 1220320257 9778082731 3551205019 3684281552 
