0818554997 5149151101 6991412711 6084454009 0762083005 
1416461882 5529634620 3608737167 9019058251 8946838954 
0468266297 1748668008 3930295126 0776692992 4069435225 
7774386318 1275967950 6943700156 0625056278 5591434151 
2413394030 3277129532 5310711861 7480257722 3494892925 
2198097430 8952122314 6195766620 7592355635 9726690767 
9866612332 9105952796 1018343106 9077020322 2871625208 
3611956494 8117529971 3274973059 7835528521 2857854784 
4286181685 2571073997 9164485073 7946301947 9486010937 
9383640540 0303508924 9948913801 0893132270 3064366040 
9213615225 1750336475 9125529933 6234508746 2062522116 
1521345334 6405907315 2732407955 9395600327 4879097386 
9426066361 4314509347 9579364252 8207605767 3668224556 
1277978857 9850905074 6557599952 3325768019 7851647322 
2357344466 1249477999 0642933510 3202924170 6181476957 
1050772801 9172716654 2272028024 5480655682 9265624445 
7107484434 3809247355 8324059572 7928137009 3179495842 
8020067816 6703023483 0107405474 2192686054 0197880276 
7061773311 6985490100 5325265807 0039193322 1832551762 
2195004956 0232954318 8072487098 9224933073 7590455348 
