8386654471 8126039719 0688462370 8575180800 3532704718 
5659499476 1242481109 9928867915 8969049563 9476246084 
2406593094 8621507690 3149870206 7353384834 9550836366 
0178487710 6080980426 9247132410 0094640143 7360326564 
5184566792 4566695510 0150229833 0798496079 9498824970 
6172367449 3612262229 6179081431 1414660941 2341593593 
0958540791 3908720832 2733549572 0807571651 7187659944 
9856937956 2387555161 7575438091 7805280294 6420044721 
5396280746 3602113294 2559160025 7073562812 6387331060 
0589106524 5708024474 9375431841 4940148211 9996276453 
1068006631 1838237616 3966318093 1444671298 6155275982 
0145141027 5600689297 5024630401 7351489194 5763607893 
5285550531 7331416457 0504996443 8909363084 3874484783 
9616840518 4527328840 3234520247 0568516465 7164771393 
2377551729 4795126132 3982296023 9454857975 4586517458 
7877133181 3875295980 9412174227 3003522965 0808917770 
5068259248 8223221549 3804837145 4781647213 9768209633 
2050830564 7920482085 9204754998 5732038887 6391601995 
2409189389 4557676874 9730856955 9580106595 2650303626 
6159750662 2250840674 2889826590 7510637563 5699682115 
