8785189577 3428251250 9676519718 5679965291 0171995101 
7464781430 2781333571 6956422319 3407571376 7834608696 
7122438121 7307989693 8312170420 4911241451 5862212057 
3819892602 8132533616 5063327096 1268112735 4457645034 
3862718373 9199389437 9695856116 7126683833 9375985582 
6461542797 8133179120 5782912378 9989227627 7256159512 
5842754000 1446320445 7910654686 6732414053 3658619184 
2804226258 2168827371 0321538212 2900160538 9555745804 
8149707951 4288287427 5665707581 4826054824 2022106120 
3768834107 3437044616 9531356584 7315846499 5233288974 
0861389260 3743654557 1031357309 7870305157 9767418648 
8333083334 6830617761 9964953332 3434059168 6783886452 
4704127553 1439579402 7884216137 5968491828 2328600669 
2891160507 6118159809 8057229676 1164235609 0547827553 
0999022836 0118255687 5723878812 5858293421 1212064353 
5136234233 3545480003 7637353922 8441337466 4475464899 
7271532487 0623432473 9394940743 6784904172 7254265742 
6758951827 9602033436 2260618434 0654829291 0969473277 
5810631500 5802505689 4921339837 0571061955 3810369925 
1006160450 0623195895 6852776338 4145338709 2156878758 
