0321274603 1128492488 7146975923 8966121654 1007845166 
5187599926 6072990204 5834562796 3420439715 6524456500 
3933269758 4161527418 6890528103 3962277286 8014570270 
0318962787 7077513728 9513749285 3891601345 1181479091 
2124554283 5114507476 6206145020 7874055271 9831064913 
1950843193 9379405139 3560862448 7120632823 3097256310 
6568067159 3587120399 2140966633 2251191044 5083216535 
4362199377 7585843281 2272309717 6497270028 2533520236 
0334694516 0822872847 2752281846 8777375072 2988339131 
8768369026 3824493488 8564346061 4702141015 9335537083 
3759261193 5438143753 2583680506 8692651602 1319638590 
0424945026 0777932898 2929749310 2574748519 1547582123 
6842755637 3977810151 5027771884 6739673439 7418256427 
1586530092 1367338800 7912311266 1604189172 2846890638 
2678717224 6977341470 0303377094 8629424678 3622917217 
9125739785 8895723049 3800358591 2363996896 3121613858 
3104648370 7963766267 9929761566 8211984659 3415593391 
6744468862 0035568965 1840618965 0209957879 4947503421 
3451064682 9418913576 2409949557 7188337647 4844936148 
9033733873 6408448766 5128579906 0056918035 5802175743 
