2822372098 2964054139 8491768614 2541135780 1923284322 
3566220125 3375699710 3821037145 0536113521 5808754432 
5887517731 4981234159 7900774841 5485246874 7186982843 
7164277567 9661218822 5898363586 4612337270 8731616395 
8782993815 5273415802 8806222896 0322744791 9731513419 
5894883841 9529290567 5291358284 7028899729 0468242178 
1158812544 5002757734 8975661069 3699383060 0284424883 
0408556897 5649116156 9382878286 2045901715 9206618355 
5970557350 2183092691 1960506871 1363792198 9163882647 
0030323985 5998258529 7372067596 8502122325 9479609213 
7013315436 9004734758 0052669731 6366280876 7546868431 
5441200544 5181096396 3317799632 7073327007 8424261594 
3287198367 1001853052 2110004993 5858980934 7272782613 
2452225547 4466336523 4690260799 5201882984 8657929356 
4334105861 9206357658 0213494971 2381542333 2633081824 
9633020386 3618060743 0078936284 8049457274 7655596897 
6904796307 7258435896 0972355626 8852771769 5095754854 
6741563189 3654443452 6825222687 3316585833 6717410453 
5186016897 3900370511 4038721607 4925657286 6941446343 
4281934220 1078799444 7931528908 0704416783 7208591403 
