8078719202 0468714895 4042965778 2742327726 3006754826 
8392572047 4289569191 6760052052 3215382114 0887324067 
9725588369 9722977039 7817477865 5445133936 9528046730 
9791987546 4405405015 3559842149 0176493970 8993368236 
8179786182 6371377477 6189924213 9647546815 2180235657 
0084650624 6212580093 3823937589 3985352553 2473703072 
6876131869 3261257733 3372902749 1969501508 4048179987 
7283736652 5506402719 3614777325 9880890814 9463942273 
0754621137 9742525447 8573065620 6162327584 5663368716 
0410545655 5821963228 4442580016 1309229256 1169521705 
8561742929 7116993729 8798552686 5736798162 2307685949 
1733218637 6150773517 1533780533 6399472531 7379046703 
8575527223 7382781358 8564532376 6083898120 2294975179 
5849901416 8966345218 7860835838 4118931384 7283257686 
4873474621 9535389978 0087542415 0586749780 1560159311 
3654055207 0950803525 5004812123 1237718152 1072980032 
3101759183 7862540565 9625399485 4471076202 3852340834 
1501421890 1838963027 6690864606 2889973158 3050006054 
1661052112 6183324563 0887494237 6132111738 3235991026 
7154433339 8090301076 7519215606 8609150992 9757948984 
