7091340484 7760372533 1648663327 3997745741 7078705885 
8498903647 8250500607 5652766776 6673018142 7983462997 
8631154724 7190463813 0827026950 2715524345 8377713288 
8840113322 8561232764 2475805491 4145334004 3073513682 
0016710304 8967407913 2204173293 6558863808 1990240250 
4247589799 0619973944 9424061393 8590020437 4508171261 
6036278391 2411472682 0908569052 6837422506 8910991937 
6772207776 8737126770 1529071296 8226158437 5714966534 
6296154035 2898069849 8199023815 8813249007 2828420316 
6454586451 8677871817 7177277928 3212526968 3229766412 
4549673971 5278796804 3476589576 1265338524 5739151343 
8137845005 1873859153 2963414053 6894844397 2255080119 
6079269028 1162293670 4343711583 7195386577 8600341946 
7130966534 4253552356 1350392637 4333559024 8778009316 
7585566502 0261424517 5520231051 8037979241 6018681653 
2721349074 4741879263 0463793570 1957254656 8707696490 
2562831139 4908306598 1392587716 5753432905 1829883074 
4220931539 4562671891 3650932778 5275856141 8869150584 
3112818062 1164533834 6145649986 1027990887 8315999233 
2083497034 9900964482 8973619972 6084130305 0161383437 
