5735033502 6967919910 0394576485 0313988998 0405347620 
7979951035 5628009427 1198077141 3862537468 9420067112 
9290379402 1105099312 8817678635 5712128822 0584525902 
3298827844 8897285576 7643376551 3209837208 4536519727 
3566294540 7520786837 7482599376 9508547458 5377854401 
5186687032 1270325108 3788575535 2532742246 7456165530 
1752946970 4928603493 5237663193 7758153126 9112157125 
0545649366 2840461315 7549323436 1611438689 4155191795 
5211604032 7941387040 5973659682 8772355549 3695367249 
2603352744 9892888220 4488684436 5275158954 6895588589 
0718317292 8912923457 7442844192 7250527684 7550387027 
0632829799 7585388259 9387906789 9636766347 2636799709 
1137000500 4519151507 0502085744 7053203113 4283753039 
6450683734 9474651525 4316164069 5883965696 0477624810 
0769812576 2324027656 3247145586 7811665356 3357384133 
2037563285 7711145794 7736117758 9109784495 9748713454 
9945405008 9749431237 0266916002 2779621516 0164431446 
3215567465 7986969134 3020917375 3793295373 6310293482 
5941848515 3134577006 4943739097 6420858957 3177423145 
7672882967 9067502992 2315257328 6983302634 1233526316 
