3490206490 4297082100 6326488156 7676324254 4468703921 
3337678948 9600125136 2652354725 6517022255 9556998628 
4251088668 9684710787 2600167332 4221562512 4292721308 
0559326221 3072140936 8643549968 9878743035 2676884922 
1231834492 4190763747 1574744625 2159745764 6635724275 
2795222891 5040642776 7865661151 9193319181 7830567164 
6530481381 0106667342 4591568641 7445768839 0624192018 
6541022526 6970615389 0999072549 9842854841 9566819245 
4519747093 0614227531 5129844530 9182757715 1361181673 
0358093214 6032258472 3528118255 0470606215 4262243245 
5144689645 7269382316 6555250959 8950410934 2537430859 
9979713700 4258858340 3044972671 0962996976 3233607776 
7437347987 8835673010 2864713845 4592879163 7490145406 
6475193948 9935221236 2474366131 7478304868 8463151603 
6592243576 7627623446 6653958979 6468790552 9239027020 
1075721891 9138214831 6268524904 9584867543 2931241826 
4134662722 8209365327 7283976675 5726728973 1938129341 
9430572396 2072329200 7186386746 6703063646 0133111116 
4254680251 2289430533 1125098538 6012012360 7044969978 
5210958598 7532930327 7162267982 3055107676 9268000220 
