7418849030 1650050385 3447597101 8301673782 6819436124 
1656963925 2294741035 7431851765 8365603412 3276433900 
9565118632 6079173389 9126277207 2135161752 2225524182 
9612433962 8251823286 9686254441 1862381233 0640345331 
5560164069 5747232038 3651456635 5749873441 1685994161 
6551824960 4259798392 6781613148 3180902534 5071646664 
4267026276 1185976491 3247682952 7278057032 2383435150 
6367217706 6376374024 9030465909 6285960271 9797255378 
0014182019 9810181398 1259504234 8662483440 4392113648 
7236662920 2063939628 8453144837 4890102608 4036148407 
3120067415 6229159669 6366940836 0326433414 9637120985 
4547525017 7366960197 1461784645 1555599416 7263739708 
5864959877 9532421583 2821841093 9164052835 6790706864 
2107803466 0757197989 1481554005 4200510730 0962796234 
7272499701 1221778165 6798449194 3322263341 5033856753 
0824467734 1045503274 2856115745 5387421400 0719284301 
7744731423 0098365760 7515512777 9628101472 2053066817 
4203505967 9410509804 6656313637 7825172470 9140992555 
2471036812 6705138246 7521172005 2849429521 9748862848 
9852778783 5621060048 7812711440 6349908816 4592445189 
