8010442935 7083290472 2016072696 6046198426 0772247831 
0717143909 3492897379 5075056471 0538029161 8749188699 
4635301357 2935018732 0668731150 1731531091 2967948625 
4979581512 1682207571 2318919091 3833835344 7102365979 
4480804712 3388274440 3505346799 9529133546 0941392728 
4465139119 0836076226 5798398156 4246382915 9990441628 
4527681893 5327913567 4740322735 1506890987 7547218155 
7499848834 6694622271 1943435139 5727560933 1877672157 
4285783033 0183042225 1704963297 1612296836 7527489832 
9472315069 7497887414 0021926700 6720656772 9213108493 
5729407635 9289561828 1290011097 8472432830 3846519743 
7585736859 1230981783 6030314052 8230081302 6631330413 
9925339921 7941576479 8534708178 6361137720 0140857083 
8639437703 5291834974 0374183511 6223700401 7318826939 
3263087505 4875664529 0932656650 3024394453 6227279170 
8003815785 1325290236 5105680962 5891794240 0163871496 
1212169469 9254423986 7472620600 5713115387 8388338830 
7801653788 3877521159 3119449359 5694917939 4057884886 
0623959444 1849728928 7230849557 9260721132 9771213723 
8869698636 0236829162 2254647108 8062109447 9132399015 
