4066781602 8934694282 1550627212 6054179829 1781738248 
9199733829 5301682667 9061778013 5336504718 8633978427 
3533585623 2791853579 7792266270 3802445696 8296862549 
1187486853 0549785796 5989184862 1862374855 6393532156 
3048992834 8655615415 4064951221 0466103765 4818060250 
6765491340 3327386294 1691177626 3813834785 1183641056 
9996609492 0204489502 6294461684 6685510606 6242088314 
5374012687 7947813985 9577769903 9877073994 1703256531 
9355613000 5281435994 5606126160 8322358990 3248956595 
6752757698 5324574403 5607612886 0796818576 1977178876 
5561985237 5274472235 9927202060 2389167187 9081470886 
7068302793 9897683780 2333757968 3748471679 2042056118 
8461443508 4238369737 8594825884 9782595214 1431676898 
4959213193 8941287506 9596149193 2711470358 7453366081 
4943754697 1429195290 3101938943 5637183593 7491483074 
2304493402 9596281116 6523899581 1060009386 2221622655 
2529766106 5074527135 8949733447 4072816739 2634862226 
2971347155 5329362444 5799465082 3197908769 0744585253 
7034570900 7744081534 1678638701 4809967412 4003837808 
5234273977 8817469108 0535330509 1194433138 7304083804 
