1094966974 4580547288 6936310203 6782325018 2323708459 
7901115484 7208761821 2477813266 3304120762 1658731297 
0811230758 1598212486 3980721240 7868878114 5016558251 
3617890307 0860870198 9758898074 5664395515 7415363193 
1919810705 7533663373 8038272152 7988493503 9748001589 
0519420879 7113080512 3393322190 3466249917 1691509485 
4140187106 0354603794 6433790058 9095772118 0804465743 
9628061867 1786101715 6740967662 0802957665 7705129120 
9907944304 6328929473 0615951043 0902221439 3718495606 
3405618934 2513057268 2914657832 9334052463 5028929175 
4708725648 4260034962 9611654138 2300773133 2729830500 
1602567240 1418515204 1890701154 2885799208 1219844931 
5699905918 2011819733 5001261877 2803681248 1995877070 
2075324063 6125931343 8595542547 7819611429 3516356122 
3496661522 6147353996 7405158499 8603552953 3292457523 
8881013620 2347624669 0558164389 6786309762 7365504724 
3486430712 1849437348 5300606387 6445662721 8666170123 
8127715621 3797461498 6132874411 7714552444 7089971445 
2288566294 2440230184 7912054784 9857452163 4696448973 
8920624019 4351831008 8283480249 2490854030 7786387516 
