3067506030 6862695321 2452290166 7503856318 5858593174 
3776949415 7410810572 7494443840 0139915229 5292401680 
6674584246 9660556910 7697596987 3109507845 1825185768 
9800093942 8637121910 1669807885 1710571144 6695070312 
7370696200 4730035675 3682352058 1524918682 3908397408 
8092648527 0458168006 3915340134 9373525471 5092352704 
4161926572 1100423458 4808532239 8093081970 1215864173 
2913053258 9871715885 5168420606 5034055699 6859371591 
5621939545 9555855700 9347711681 1798359958 4279819556 
4356365309 3890509419 6464188924 3417661217 7117545737 
1442940272 9377177659 1831074430 5815153159 6094826350 
6336557238 6141392081 3075414610 7405127413 4813889068 
7520896517 5472864434 8902015018 7201836613 8417280798 
8272958201 8977486126 3383603711 0941408680 4414638189 
9755144190 5115201402 4187628978 6882338665 2887495647 
4011072459 9055379921 7515564781 9809184955 8767527782 
8080382262 9818043941 5639795617 2569409092 9518577447 
8836515944 7872068267 8596369454 7637062382 0669620239 
6620665921 0812781832 1912746808 1453031421 7798673533 
6848938082 6681896912 9998351994 2232127263 8771597576 
