4285213215 1588371714 6485428812 4231224684 0283905615 
7796819989 7855625102 7107062837 9399431907 3579797536 
2287371994 7845210383 1686685214 2082201926 6723155810 
1173724423 7560915148 9386343666 5265794260 3716828928 
1580693159 0571523794 8025661912 6870887647 5069508501 
1137025788 0233381801 9030210029 7597559268 1821635953 
5070641885 7190059497 4446797417 4202521309 4724619195 
0277213237 2470257029 6163168146 4762184643 6446517995 
3587775904 8091724695 5673967945 5373497103 2219369455 
9627789377 9193834069 7253788415 5020629583 8748309619 
5420461546 9902226843 4746176771 1319737486 6000879354 
4360730243 3663280865 3684733506 6870740890 0184703067 
6982147531 3373154286 2215155131 8140954149 7972467067 
6343697696 4583092867 9521201994 1406654043 2666834408 
1968691862 2917654410 3649208078 5729242338 8755061809 
8365912226 5379728841 1120130691 0185760304 9832953269 
4214188425 9428662146 9527688063 2082571964 8671342246 
9852641941 9022236241 1863391302 8417184472 4822755723 
3799697074 8200243758 0371792180 7342020805 3693574061 
8765664169 6077391209 0981349470 2120725197 2136996423 
