4420930547 8465069237 4464904208 8873263022 6156357919 
6063092369 9160278236 4930003449 7471237794 5595124085 
8239709946 5702753667 5981330477 7505050536 6345747155 
1655837277 3100785781 7871530316 1327684892 5357607846 
2114788603 5180402976 5696058486 7175676366 5930874801 
6099927950 7871789131 0420384947 8943286084 7970515042 
8332652457 1886423198 3999328563 4226860788 3443745309 
2728931460 9254429906 0787111736 7669598496 3306217751 
4884899337 7878678597 8526528057 0548661217 3792135521 
2470239532 5608190678 8528038324 2296807554 4717437748 
9501430231 5014696122 5494895338 3627569448 6930467419 
8022922555 0650874297 7275807609 5106879827 1091938371 
4229096826 8728596321 9428367272 4247744390 9060036804 
8527845438 5481995582 8743344189 0955230992 6592958848 
2897771967 5054392057 7166893855 2397736092 5820906934 
3057898674 2357295312 0514850903 8465249314 0068996173 
7317358162 2229445541 6149357871 4775062703 7619249803 
6384400160 9136117137 2955766180 8926386467 9402793656 
7038530577 9912988573 9447837576 3909267944 3336505496 
7707422859 6380872187 0399582714 7580004402 2240421400 
