3303590360 9605480047 1884730467 8286807740 9898322252 
6245316803 2034084435 1093743194 9938029908 1241792110 
8954239270 9654258219 5848586679 9241157884 4781521955 
7498322258 3356742267 9896009803 2009354865 1085494676 
7671340531 0343499864 3497580002 1528683583 5721365978 
2084357326 0466126057 0464409200 5206437488 0868404199 
9585408697 4773160175 0539025306 4903620449 4584764408 
8204005386 0571525182 2177935180 1941471166 0086532948 
2810600219 1594469278 3460379829 2688186777 8488378271 
3148160668 1284808747 9043023420 0377130896 4647817855 
9946183751 0620688441 3586284506 3034644191 3942893762 
3547427775 8676901467 8228907006 0926832522 5032463995 
3337566728 9976602542 4659795196 3260902742 6151574818 
6527819297 7983681101 3313396516 2579331841 9407026964 
9889513869 2396126127 5369592060 2296900874 2083472084 
0833188415 8268380193 8335897322 4335136412 2443211749 
7940476682 4167809635 2035664154 3325415096 4501977910 
5414609437 4981599044 5792838028 8801335624 8181407261 
1423275972 8948241418 8702595745 4934254722 7469899768 
7716231609 9322885042 0280708381 0081409188 7352633318 
