3584207407 4844657339 7838429805 3471060023 7421998721 
1762683334 9092090738 6533795907 4928089283 0301072075 
5047245085 1183334676 3047598206 6178999800 4462744803 
3701965550 2132044139 6423674506 9537087816 9737996937 
9061637848 2011697962 7072127035 8480479488 5806583089 
6323128867 3402963848 2411287659 5218536241 1256969749 
1990574782 8032629986 1231724793 0503236377 0584569878 
5774531610 3866706755 5844068240 8910511818 4290258032 
9851409615 7331538756 3114385477 9215298366 3838215871 
3588240820 1277838409 7362326475 8443526302 8166475607 
9993221483 9271563212 4999083709 8930946329 5598599287 
2843352125 2427433494 3790238249 4944578516 4936127032 
6423390945 4480862002 8353526261 7529818355 2529788046 
5028135399 1128471612 8115341446 0389703165 4677395258 
7653838444 5746110351 5616418092 7334625414 2217903310 
7147203105 9929495389 5958436885 7734894952 2598210383 
1596420623 2730714837 1669179896 7444541841 8903725112 
7283530059 2982739374 7375710992 7765235637 0360647348 
7247848396 8420374230 9758998874 3878765428 4159356597 
3588345060 9361299244 9258746769 1542804598 1328158258 
