7299911030 0780631592 4817220522 1320601077 1492336601 
0031827100 6672726648 8949550942 3368979354 8105579642 
3771544954 1371774079 9517750146 6695465574 1008015579 
3417959830 1318715461 7138382203 3328726313 6997808093 
7562816985 7535292539 0236568114 3586553982 8428324170 
0051641990 0517643835 1200575693 3430421802 9315236854 
1142405986 8057389737 7172090328 1648623839 5498050084 
3602353585 8255461885 5942442612 9289214341 4789826709 
4176760452 2251349298 7299743533 3820627622 4063310048 
8377452738 1188722581 8199822194 2829367666 6000040379 
9148700185 6867455441 2319573518 7123793059 9514821595 
4867701054 0478202585 3908333564 0618262225 2080286486 
6680976315 6107137641 8909023606 0395412455 3570380667 
5356765247 2668036751 7673845564 6966935960 2263425800 
1555720896 2384036477 1321429669 2193472420 7987296298 
6167579674 6082959712 7485706790 3467039157 8658581112 
7382574325 1903978299 5445767430 5752992830 2863418624 
2545022496 2419791639 8273490435 9411395898 4043489575 
7833246482 2165249725 3318119305 5585614050 3105076548 
5899155255 4265288628 7528895545 7736787420 2977037846 
