8475636642 4947670848 5430735413 2840361634 9134710744 
6832985898 0951110201 2425448846 4307122717 4886586964 
3672237512 5740766380 7577968593 8518232158 0379013885 
1324567042 2527853876 6101351956 8286523394 6040200356 
7338602520 5513475307 9007468945 2614361638 1246602094 
3396881829 9857253465 4355285404 6361041312 1499376921 
6302614831 5182346942 0962791154 9417194660 7206655284 
4004435657 5326641438 9342772209 0557518423 6912080347 
3798867079 6922839869 3750888161 4607383824 6420008153 
9367400188 6257307369 5349973083 6725281014 9430436456 
3497521354 5319519500 3507648237 0361845384 9756361633 
9744294309 8863871989 8808188086 7474958317 6022298467 
2501959183 7178700154 6471943774 4024587964 4193433052 
7377861745 0245249707 1499070005 1872692928 3458717863 
0917484387 8550639754 7781397976 1471029748 0525893069 
2216662225 2353734490 1135398626 6028141926 4762937097 
6801318720 4140666876 2554595422 2924938494 6271177550 
1758620213 7887676002 9805157411 2378095519 2781815908 
2066363654 0356868332 4455662009 5160463375 2256882558 
5458292001 9306381533 8736565179 4574370258 8756264732 
