1077322764 6623152269 9379582538 1625074119 3599257543 
4703207518 9639279292 1623091299 0259044551 2172093189 
6617993469 4954150218 6833770152 2075911300 8886890238 
5799152826 3986782465 4608874627 8526226814 2473318858 
8572416651 2619590003 2922440472 8408961960 2649237730 
7279303286 9835071995 0917336222 0690426621 1379357378 
7896339821 9271111792 4375186838 1757621347 2922730484 
1109052893 1273975665 4644015991 0892056359 5395506226 
8490348177 8340163888 0747758591 0604735866 4560729940 
0942000631 2043562308 1164981455 1496555130 0585461173 
5524052167 1556660413 3347587598 7920445592 1756775632 
8376722769 0115416492 1122464223 6039540336 8455011342 
6542474489 8954599679 2036442429 6652482735 0687996495 
0157404621 4825111167 4016381288 2370549267 6679728005 
7463290619 4561799730 9444872374 6706306283 4619376926 
3728437102 5062943023 9838747180 4112779445 1518210864 
0001558475 7912846401 2873995097 7629770826 2263458825 
0520781834 5760505308 1571276816 4616012674 5615131039 
1071769738 4557873224 1330030005 5347195116 6901258113 
5208015630 3730469080 9309792735 3658564913 5747113509 
