0441275907 6490299193 8820082621 7393959286 1233365729 
7066464102 7058783855 1318934657 9626859330 4795602601 
1545035967 7101400579 9333688900 4022075384 8251399308 
6371634336 6007923712 4064576176 5003641061 2205435688 
6881774062 5305700602 3018982911 0915340711 7751712442 
3703643637 1589022011 6231710263 5650130243 9912154042 
7012730391 6604348528 9217176780 0544353796 0268144769 
8747940557 1599377835 6399662100 6692741927 1468108962 
0407361116 3472025898 6246474408 1961204033 6875208970 
1088063354 2844369252 1801742512 1196785699 1105833494 
4999168309 4494698470 7806367546 6677678253 8372304052 
8489291173 0548029893 1061328228 5243013974 4212784010 
8229799225 6374991861 6190953950 9229235240 3872656334 
9624474469 0348057513 5659465046 2503096250 1118599636 
3024036541 8782445707 4024589488 0605074168 3907150580 
3242418375 5862679604 4894031184 2071561842 6638993005 
9683519608 8099155005 4081911609 4261561779 9649455573 
8936233509 5602169384 5302940741 5354220170 0885059341 
0802153774 4168969765 5239000700 1131094692 8000344435 
6063607661 3103027287 3892742266 5249899098 1590123765 
