1570432773 1921850284 4881119332 0110357105 7194443871 
2183523225 5486772644 0866734045 4413536740 3990104641 
7928811413 2773295705 2332339987 8009160267 0028929046 
7003455063 2113551822 5964545636 5580270462 1531470603 
2147678038 7345442039 8877573153 6419729437 4658678276 
3362311198 6467460831 7162495938 0516317910 1602174316 
0036372135 1355065556 8116276716 4832287962 3900371433 
1634809586 8924384711 6904830789 6510059110 4965015992 
8314383120 1893252516 6768955897 3105180207 0915612821 
2794785768 2315030996 5487013780 1420342350 8621889445 
1130917415 5201212503 7797657263 0511758844 5579181661 
2431914793 4998793718 8974667677 7827243329 2270248264 
5480284999 8567554945 2694687032 7503783940 0366514426 
8568208130 9020949057 8996221008 1407736696 5566279789 
5875993816 0373929408 1898326023 1197906051 4597803844 
9412185507 3472344404 6413633317 1482978197 6698669655 
1400518184 5419763310 5563504488 4971342236 0339130058 
9797173467 8237347232 9230517388 5050046360 2568199806 
2728258112 4555915860 1501843909 0409864180 9717100754 
6188477393 4911273571 1271075330 9507903619 7946170873 
