5911302873 9587870981 0077271827 1874529013 9728366148 
4214287170 5531796543 0765045343 2460053636 1472618180 
9699769334 8626407743 5199928686 3238350887 5668359509 
7265574815 4319401955 7685043724 8001020413 7498318722 
5967738715 4958399718 4449072791 4196584593 0083942637 
0208756353 9821696205 5324803212 2674989114 0267852859 
9673405242 0310917978 9990571882 1949391320 7534317079 
8002373659 0985375520 2389116434 6718558290 6853711897 
9526262344 9248339249 6342449714 6568465912 4891855662 
9589329909 0352392333 3364743520 3707701010 8438800329 
0759834217 0185542283 8616172104 1760301164 5918780539 
3674474720 5998502358 2891833692 9223373239 9948043710 
8419659473 1626548257 4809948250 9991833006 9765693671 
5968936449 3348864744 2135008407 0066088359 7235039532 
3401795825 5703601693 6990988671 1321097988 9707051728 
0755855191 2699306730 9925070407 0245568507 7867906947 
6612629808 2251633136 3995211709 8452809263 0375922426 
7425755998 9289278370 4744452189 3632034894 1552104459 
7261883800 3006776179 3138139916 2058062701 6510244588 
6924764924 6891924612 1253102757 3139084047 0007143561 
