3446648052 4178880606 7731106455 8841428743 1205536864 
5075413123 7892050164 1824559852 9170285529 8234917568 
1519817495 3565040453 7358800409 7369310021 0161974099 
4088572336 8139890685 2305802152 2578307985 8444498849 
0026722154 9288886129 2502885281 3527173780 3182076280 
8665819870 2133918612 1133602461 8736264912 8598385704 
2460547885 9944208240 1809197362 7117515404 7465634118 
0486288643 9875110526 0186007632 0866403208 0058809812 
4668287276 9158288851 4535559929 7214513431 8817716645 
5645026663 3627515714 2261212702 8290235870 3146786242 
7302335998 9513383310 6908036791 2289759223 2090053533 
9836105280 8487974347 0505105124 2979946969 5877329008 
1207079728 7965358392 3242657673 3921443804 7036170652 
9595672993 2344168693 0920186625 7158203504 5922274601 
1334917847 6867831063 6302367243 5537093256 2694982307 
2618631310 9105016432 0612674246 0867916703 7793094066 
9607135447 7720412401 7138715254 1478713374 5660229142 
7453682810 0929205588 9007950848 3723267871 8659556212 
8376549304 3122746445 9773811156 3966740927 4991990309 
6783157044 3792739641 6667510978 9264093117 4682418788 
