4653928794 3914280719 1372281945 0621119960 4942014167 
5675141552 2656932859 6939900541 0111647767 5292564944 
0428795835 7100368450 9070345801 9087499993 0927342332 
3790664741 0746289811 7101040277 8833821450 9831606137 
1850584279 0389539496 1345986945 5343321733 8838044229 
2218684824 7101171485 1583471060 9975786976 1968160124 
3733023068 4469271055 7893261660 0129599349 8597491718 
4503344610 5624084001 0952490311 2915131020 7353660669 
9142509744 1671089180 4427926385 0255766220 6256643470 
5688881209 1343129654 7816198453 9675154821 0810244160 
6244493185 8735121428 6010858155 8715194193 9765526106 
2478092540 8142475964 6627019194 3785507186 9834968769 
2657517135 0176402003 5993835301 7830278176 7102202449 
2886556546 2010559567 4157711590 4728583016 5422561420 
0548268513 7191627689 8252726600 0770336835 9267689271 
1746614588 6443256295 4417051216 8608373571 6597610278 
2388486067 0144632963 6821363730 3317464871 7632014278 
8006742493 4856844572 6886782552 5550925006 1546975828 
8549210812 2224766822 9027751168 2236950254 3987324561 
8612099967 3805014575 2145346770 1080259152 9816042122 
