3116328760 2645784892 0881444254 1782351787 7294636849 
1686378710 3355988029 3528797513 1660096503 4502135008 
7861481652 7569342549 1575825447 8587897790 0421015928 
0113548097 1581549325 3864902115 1389857756 6392705820 
0478330810 3193586172 0959285030 9837197795 6384664987 
3345549013 3656606295 8993312667 0354255179 5858953425 
5685222167 0572063731 6682093224 1554656528 7062082026 
8533260086 6580058396 6090695049 7030225453 4936941843 
4799181485 4031752161 5318893601 6989829712 3827273296 
1881513540 4187049273 4852626566 6408136486 3788716802 
9974341992 1840452670 0361558020 3875004096 3721886553 
7661056462 5258596762 3112091455 5806149237 4462248655 
9052594146 7834123013 3648812086 4513178145 0546417941 
6456723857 7509045217 7054997583 3236091618 2468663731 
1995974256 3739243193 6836066334 6878883664 8939977087 
0992397517 6942932704 3157163405 0583519899 4772125986 
1246595675 8031364020 0779332879 7865113011 9476790122 
8493345593 7274544677 7306994245 6260202388 7549309022 
3357398303 9664285659 9234623943 4307543557 6614858518 
6128446617 3143979975 9776844709 2979277382 7647093562 
