7949450937 5749758094 0229719554 3701438592 2121605808 
1004239743 8533045434 6711914387 1226627091 4012615384 
4627736610 8865182715 5664020489 9738718538 4279740871 
7803985878 5748721689 2636293407 9370551601 8371405087 
7149628160 7873833623 3555978837 1360809666 3152189322 
8751052274 0371018412 5482971285 6895416419 4927943850 
6394548386 1715452863 2987007434 4746461465 0341446025 
6193649389 2557193423 2096238572 8409362207 2055176469 
8253040064 3228756038 0697731469 9966010186 1018409083 
4745280892 8098339129 0914925830 3651173029 9676547392 
5151845027 7244844953 7680476388 6401906348 7296774799 
0212485612 7316639984 4273618623 0885517318 2399678817 
1581832063 0969964851 4729573723 6946479442 5482501448 
3727864303 5426699644 3153981527 7168679844 6857777731 
7672421499 3063597651 8135953927 6806871032 3045802519 
1560364641 8455272288 6148251459 7409299719 9452910599 
8334724104 1854202720 8513605430 7357487622 7384079200 
1676346615 1090614719 1081330087 6924398905 0542838285 
8717459600 2008845764 4825190313 7554808601 7940341094 
4189883726 5231940718 3137053799 8352344375 9548981321 
