5342408428 7482442809 8988804719 7105452923 3998476551 
7177514410 9635033144 3841574283 6080790134 1301639615 
7944559087 3662789091 4427598452 2976305439 3408666782 
6431401637 5717056188 1345065363 7288873684 5773001897 
5435386415 3639381737 6290182296 3330494418 9194065973 
0575385121 3398627564 6249847032 7918415111 4912113525 
0104685119 0089611707 9021888918 8062488253 8422836411 
9065587480 8838120731 2323141344 2333531444 3360965627 
1921082476 4039272060 8888626285 2588519928 3013330589 
0576527282 9571426194 9791649958 9436317732 4749580959 
8414916399 6087240559 4058974095 1851845370 1084239110 
7823544795 3897722079 7522617599 7379931801 7660258416 
7834585215 4531357858 4209699130 6995209918 7860988612 
4440106074 1198637447 1530993510 3342861637 5680948503 
5927570474 4265896795 6619338287 6884746673 8762703577 
9875559654 9401466289 9892099869 7164854072 3033988839 
3676110133 0378404511 3078379970 4331160533 2621995442 
5770307103 9684397527 9691973081 2802511262 2360077754 
0005130859 7498304645 4049513097 0480342613 8354091344 
5405641341 0146219371 6056552804 4484008804 5303964949 
