2973826865 0227452822 9948457746 7343378675 5028009975 
6051009152 8866646587 9026257768 9571241879 3158394872 
9738877148 3538424812 9311916831 6060135430 2997848368 
6352773120 2903029710 7783027747 3895813465 1942756160 
6674284360 7020400238 7686104592 0776965676 2678781970 
6560612033 9730472296 5481373446 1913219885 8923218674 
3912322415 2577419290 7822570914 1401815695 7284573833 
6229188507 9486832949 3305335931 9357209167 6364595581 
3679923869 6355674929 8651132482 7139460731 6285501241 
3231173726 4877398296 5149234267 4132247288 6328460210 
4136696664 4267728104 1495943027 6723876342 8606644807 
9048426771 9159856451 2608618704 0257274427 7451430790 
1736151561 7731515750 0598839964 0141880497 3069975506 
6910129240 7530374958 1557846276 8311483735 1610082642 
1056868786 3568408589 2011926825 2437039035 2517666900 
9238408264 6752617092 6026971040 7047148153 1020573979 
9768157918 2981289235 3041464919 8759361563 2212451682 
7461722779 6815733025 3255735223 0229683398 2779941603 
4826498569 3826397360 5905623213 9294855074 2764853294 
2671058969 9458926421 4411960008 4535333114 5040686537 
