3131957148 4348541504 1517234706 8715966588 9346879477 
6160506525 2053255188 7794276200 0677929174 2862951480 
3639371556 2492149219 2899450678 4097205434 6001956298 
4744096748 6246536371 1302087381 4175483338 1661656151 
8511191134 6847323655 3824853198 7858181814 5010538694 
1315804289 4105310850 2625828157 1231111455 5123885490 
4453479867 0025707762 1741380291 8927623452 3893914028 
0529309686 4556020870 7475029630 5685666872 3977499859 
1135620834 8594264702 2385403313 9665551229 4052067722 
9821077169 8874906831 2321865667 8892534843 7392893982 
4303927063 1046016785 5928753060 1787022213 3068112991 
4256487266 4971680328 5494390895 4011598214 9377017032 
7676209298 7636152947 6102296386 4003909946 6517428605 
2716065117 2140132509 5927055929 4839736129 9817981025 
6713853317 7106675033 1317827873 2512150132 7837748650 
2070331355 0622755813 0481080029 4605171798 8641864693 
8301427222 9157943503 9799177801 6490528277 1302956245 
7091027849 4445900502 5001264756 2325140161 2039820325 
5027526969 5196707423 5168421191 0982090147 3455345247 
3851605450 2034488652 6119484579 4673910324 9460175460 
