6594913347 3564878481 2681880187 0735259183 8083903679 
0727219871 3651269112 8737953771 5995274134 2667405298 
6058267277 7608419974 6970641965 9029959562 9560556000 
2217637882 8180964658 4242944311 6043410154 0324161837 
1124118334 1336908604 0738182186 7859296600 6015260979 
2043026905 1432225681 4365746965 5420071610 4926071055 
1621362987 9300555912 1326652543 3447237515 4831796125 
6407867774 2430707008 7662202918 1406550213 6019166384 
3859998861 2327515290 3529870349 5321075289 6906114040 
1659802188 2803768053 4871490208 3087191780 4775313608 
5841410659 6751960432 4017985891 5353244342 3362991003 
3903677261 8991404668 1027614857 8721543032 7575243593 
2050311716 5170343024 2737608232 7100989621 4950638496 
9100290257 7416713658 5044898207 5513534469 4419418519 
9121456681 5068435730 7587654127 1316654235 6681222737 
2223338758 7767393622 8746034106 3681565186 6493228134 
2304242040 0173053913 9580450340 5968044825 7513405554 
9046416335 7843816058 8686022799 1791515677 6991848385 
7458197898 1362012970 5387867266 0688951885 0722007442 
6102970737 1283569426 6977933820 8780912705 2674022819 
