0344887810 6828049595 9107943088 8100469561 8358720934 
3232330440 9697612377 1968962982 1199168787 0983396113 
4526201769 5940034586 7383397823 4147321913 8249974991 
4065896773 4474340283 5803153747 9848996761 9249699851 
8224017681 9305210022 4551085786 0384690568 7663641289 
0897515543 6650656165 0619221818 5586063952 5635204347 
8945916167 9812323605 7496837482 3438905559 6433504292 
7547726071 9321983082 5380715538 8521773092 4299413144 
1902635580 2110535798 8665362641 5101464607 1198559829 
2895490755 1481369440 9360717649 4262910340 3817182161 
4396041769 8528173282 0882103690 6125977046 8314059876 
5898142685 3170031066 2742574082 8091023311 6815975958 
6548561781 6146064344 7651930287 1734300921 8001005873 
9548345440 3762764601 3824276340 5329465580 8884773746 
6836256169 0834309727 0069974817 8242457419 4262607770 
9798914229 0035008433 2119239773 5909559457 4681566469 
4781101010 3696356946 8678903093 3757110276 2086607087 
8210655553 7792608816 4133752939 1559615391 0623815381 
3148131766 2760323198 8804979216 7796110491 0238832275 
0639647100 7696524744 1460982262 5944767297 5844810138 
