8084101452 1593298873 5385180730 6981009460 1261678689 
3086024378 4986072082 8026692445 1098153916 9597360182 
1328794407 9223067584 1298484903 6563034369 0870142583 
1419899105 4139852269 3075466950 1999027720 1199343809 
9809657194 8285919876 7241455917 1595955750 0060243914 
7346499990 9496228073 2089018531 7741662157 0733389283 
8863916441 3759397417 7979961906 4527740965 7976928253 
6534878288 6469722536 5575452522 8031688471 0392694299 
4401774415 0565410839 2481853809 7224626551 4689030002 
0782127549 4505279154 3698175496 6618751347 8319186574 
1255835539 7407737334 1601561144 5281501716 1751179996 
3994061191 1008630470 4795713409 5315827911 4969755061 
4252596618 7901940474 5287573343 8892990800 2976987789 
3086987339 9027324722 9361876519 3297280946 3921588010 
5812091733 0356069608 8255232179 7005760004 1590448817 
9392298445 3580379746 0712947076 0820065151 6833656451 
2412811294 0020791146 0827424310 9520336002 8505785103 
1781296901 1196732086 0994900367 4260657883 3236759989 
0317467841 8827376211 2822615043 7357826128 2392358326 
0235062150 2538812050 3808761075 7792341102 0066388359 
