3623169923 7169484813 2554200914 5304103713 5453296620 
6392105479 8243921251 7254013231 4902740585 8920632175 
8949434548 9068463993 1375709103 4633271415 3162232805 
5229729795 3801880162 8590735729 5541627886 7649827418 
6164218789 8857410716 4906919185 1162815285 4867941736 
3890665388 5764229158 3425006736 1245384916 0674137340 
1735727799 5634104332 6883569507 8149313780 0736235418 
0070619180 2673285511 9194267609 1221035987 4692411728 
3749312616 3395001239 5992405084 5437569850 7957046222 
6646190001 0350049018 3034153545 8428337643 7811198855 
6318777792 5372011667 1853954183 5984438305 2037628194 
4076159410 6820716970 3022851522 5057312609 3046898423 
4331527321 3136121658 2808075212 6315477306 0442377475 
3505952287 1744026663 8914881717 3086436111 3890694202 
7908814311 9448799417 1540421034 1219084709 4080254023 
9329429454 9387864023 0512927119 0975135360 0092197110 
5412096683 1115163287 0542302847 0073120658 0326264171 
1616595761 3272351566 6625366727 1899853419 9895236884 
8309993027 5741991646 3841427077 9887088742 2927705389 
1227172486 3220288984 2512528721 7826030500 9945108247 
