6461693181 5750428606 6212124025 3081275797 0025787253 
8449057874 0240767751 7611828280 2205700768 0331731437 
3322249720 8953222317 6991483092 2918525246 7490518771 
6587192833 9145127222 4391076880 3814676477 6825605199 
1624289946 6641586857 0033589710 0581727461 1700131317 
2720152645 3957506701 7238873314 4385271949 6997537245 
8504518511 2124532376 0092430472 3995439893 3276325847 
4199660212 6125298056 6184976823 0504120572 6830278895 
9012984790 3701012363 4777326720 3908107116 3930328926 
8969858980 2760428530 9812579195 7324080531 4535999506 
8028164763 7678616204 9908722050 5717926326 4470138021 
0327447578 5095981537 6927943735 3995599069 2011086845 
7276158737 4741497813 2199221009 7946361683 6883769800 
6801932672 4635633139 3619802284 4660290825 7497088761 
1612619391 7988989141 4720360559 9369088389 3058053593 
6933911450 3166658376 7906825338 1015494633 6850527021 
6052865898 9694225709 6353454924 0879532449 8345015230 
2310368334 9308340823 5168291518 9641667157 5047629019 
5346765505 0454331891 5726570514 9877638414 9079126728 
3803179053 7940390655 1343242579 3133041324 9480760881 
