0469731249 5453454578 5626432924 5753975443 6311066043 
6528940344 3842934131 0299218563 8619690395 3622936190 
1016399352 8535010572 9932771839 4468786490 2771924119 
6947766796 7432169166 1740183719 0656046390 0076521196 
1148350720 7555929101 7853787705 6954207460 0725347546 
3298759180 0830202715 0297749789 1528398945 3325540719 
5166657532 3092649513 9421142554 0451153778 6456966234 
6800500105 5766568622 2565597532 0006948536 4386223037 
9848569368 2238749031 9549004916 6578339743 6698609183 
3919987237 1947258845 2887254012 8464505663 0547236271 
0992642785 7024582922 3730422001 0398925143 7607418119 
7679980049 6115848890 3136574404 8147277693 4979335196 
9079124128 6804950501 7744535830 5674042673 2857897572 
6402516811 2914401728 9388939060 0786220339 8066619650 
7858085348 2490794371 5105931869 2320640496 7386563531 
2813040791 0722221357 6654821878 0519858530 0198832071 
9460263512 1427993700 6940708565 5958724681 3655434167 
1216007026 7748292362 0401452985 0560212244 1854833782 
5955416419 1001106984 4160611193 6134157284 3855737682 
2437027368 0210549049 8596516582 9729445551 9182415160 
