4065511839 7072027202 0846402043 9307298630 0139055434 
8608057272 0871181258 7793844984 9043705292 1037497010 
0166399815 1949476294 9998642849 3736752536 3175218833 
1308710888 0797883924 1770462788 9360773769 1470138020 
5788950494 7811588756 3990450268 5755056174 1605589946 
2503460092 1021093521 3094767593 4350822422 8736527388 
8374232113 4710601092 0493956173 1748853780 2273146628 
8416038867 8815342375 3915600377 4078668328 6939848348 
0806707192 3600158571 9202923111 3417351022 1745594119 
9598354445 6137561917 9631107040 1804744803 8094383975 
4826744551 9775059366 5932950078 6951398347 9298733887 
8101779456 0817544738 1355918082 9981249823 1500373506 
6265433776 4521831661 7295923566 5505036298 8711935601 
2041679383 7252007715 9314190351 9272458016 9449393893 
9688612900 0119117055 8851515798 0783219758 6364396223 
4115591247 8451870829 0402202070 5526888567 6776757208 
4330196215 7900852947 1279823397 0767046678 3431019043 
1379390956 7418493179 4875599199 0551409619 6893922557 
3319387182 2401654043 8942429761 6591282596 0645565767 
8962695006 7545766105 7497034947 2098549641 7221922641 
