5181027989 1105903306 5391546659 6702202149 5454292522 
5680119973 2233186299 3012889772 6005488830 5180190736 
5617848724 4896155732 1648257454 7538161434 6708401825 
7113637533 9420168400 5114429600 3030823242 7627244024 
9343956105 5939330737 8279093954 4010805851 0853811441 
2665516154 2809528681 1705096078 2891078997 1952998934 
2167794620 0201699898 4965144055 3369490931 4415663747 
8982789278 0741711709 7798317152 2522769101 7629063753 
6782986869 2728058988 1500482306 9790734921 6189955367 
0790703347 9375433604 9453072079 6487701633 5038661247 
7167988940 4617208901 2433709581 7160070941 2249362154 
9649575492 3913389052 1379284813 2560065407 0872192952 
0411745114 6578362108 1106242854 1807816619 4941845801 
0948482260 6357864009 5318038055 3175259088 2467441944 
0837169751 2638377222 1899903516 6081850378 4010369641 
9148911071 6279202497 8840785035 7701405616 3478742264 
0000635581 7468995774 5981617176 5424735821 3363439055 
7463367004 1826313143 6114181603 3296676296 7600167994 
2055334036 4035181666 0549908972 1637891019 3314935297 
8816209395 4196820658 1906428364 2662413237 0590392568 
