0464546366 5882027057 6326491829 1587136360 4687363845 
0544974888 3936255634 4690258479 9733972437 8268667920 
0489425440 2223869489 1720046655 8257328802 3324994353 
9810894646 6293862106 7826158527 8995737113 6482549194 
9666999004 6514833047 8673621389 6107397991 5734993372 
6567917382 0506794890 3357851703 4801568487 1190573315 
0307323648 1575437192 7707826788 8498830184 8646539821 
1832288477 4599068233 9746215612 5853826623 7228319698 
6025204337 8627735575 1555072010 1605978712 1746506973 
6999774885 0582368618 2397405962 8238990617 1845816823 
9669939404 2340380271 5214934164 5806650609 4255166330 
6049310716 7197330836 0331180912 2267282616 5364917781 
5454713336 1395136935 7897079038 1291008172 0867497056 
6963962750 5283727439 7916287648 6455768107 6979043877 
7885368984 3730036014 3129486649 2623107727 4903705956 
2142587514 2932668782 8478807876 2847818624 5956781686 
6258302682 0364459788 5098295089 2525944172 1135355859 
4114239951 5351241488 6100581148 1337144762 0574893722 
4169221906 3913137828 1162017878 7608643888 6050658708 
3240869863 9465194511 6888379527 7463535977 8005996422 
