5118812756 0160179159 0224752139 7691067986 3209283384 
0600861021 8467139811 8661205103 7717967858 6471588911 
9197808206 5110498720 9273293674 4466455522 7833315561 
2798465198 8348361976 0801583131 7906745512 4100208677 
5238220655 4614559397 4897869216 3232155531 1929060258 
8527663367 0028108500 4036776020 2462557785 2652669770 
3400695921 5776156476 4259634743 3564716021 8551276752 
6489221675 9980154725 9118353017 7901102148 4702267325 
0795852527 5484231626 1589296749 1280149800 5754149289 
4372407464 4381116109 6891279255 3348665043 9477764701 
6689704662 4970217334 7336807947 7321086193 4434226421 
6085801303 5024637111 0894166810 2650367375 2140328243 
4293369193 7372637891 6898338751 3755579102 6545295231 
3728785719 5672725035 2327250114 9088524011 1221231522 
3953566814 1756360827 9688942019 9323245274 9115000568 
0661906710 0730562113 1256401829 5049933428 1783611200 
4413870830 4541177799 0828298523 9103165217 5532217390 
8386337724 0702608516 0186509754 7228451197 5391203976 
2759601990 5383829494 9822684160 6942370746 8528511859 
6668768797 2298646027 5718450299 1246920648 9946948977 
