4830505013 5197459222 7789428049 4588893626 6175575585 
0166849113 8034540655 3384045092 5477956483 6853141322 
0672805295 3221775767 9973297500 0077209030 2585104432 
4639934067 4510943312 4358732359 8628587936 1322862400 
8278150765 6081553948 1580746263 5927191062 2864529121 
9548991273 8899347689 8406306935 0153058083 9565139440 
2432325066 6224298765 9239682694 1031130834 1511967555 
3613783985 4221179219 4114495619 1653884918 5979570764 
3267369745 9359381066 8775110459 3905615875 9634966179 
5677581631 2907314395 2002117162 4160236387 8096329901 
3324703785 9386552914 0518948540 2021747743 4941180746 
9378036532 6131399462 0894555749 0603976970 9495500802 
6496879083 3922207730 6303315271 9944794899 7819818289 
5663978726 2359965053 8450840226 1607128870 6919179553 
4834127291 5563450783 9290955496 2176378094 1447603926 
7620299120 9797852610 1261615871 2707535586 7886070133 
2293741480 0980534901 9787651172 3501392603 2028283193 
8137530461 7438618548 7073152287 8960438016 2602151932 
1727812501 0153660955 3959394826 6297850096 4721476963 
0414209285 6083675536 9714576744 6582513779 2689300349 
