8187673095 3665615409 4018181213 8145157189 3485211413 
7632397475 9124935970 4551181113 5126263852 1822684142 
2290576167 2336221741 6385969594 2855584152 6603258173 
5696873478 7152825385 4686617083 1715678979 8692079668 
5793852038 6732793631 3110970175 0909153639 7157747854 
6692389841 8800085984 9849311591 3728360813 4143739359 
8408772681 3881576316 4529904003 3170061435 5158713210 
4849086040 8630995545 8293249851 2694150896 5889662019 
6441030335 6985757879 7191371874 7479419890 2398557644 
5427531759 1278218206 7919400959 7944889802 1655199474 
9107670219 4965961007 1343068360 5884398062 5029333392 
9180504378 7495845783 9559752191 8499399156 6568420764 
4401577026 3734973607 9804389437 3233710357 7946294959 
5697528642 4169076671 6259743117 0280130433 5272139209 
8959101629 3150314406 1676033044 8713108889 3032925209 
5324604243 8715807137 4113333496 7521894678 4204352012 
0051017155 8881014072 7903370901 3906082962 3257365434 
9022515857 1597343839 6432549682 8242539277 7124223574 
7636514746 2686304216 0036737390 5728097415 1802633253 
6477880629 7783650316 9624788766 3049465890 4139814536 
