8349648376 7637972403 0131546539 8808417396 9361425867 
1793819140 4814312622 1184901047 7107002065 1363401986 
5582459549 1518936088 6020775433 7442587939 2350378338 
5025011677 2705272060 9919380261 1795015938 1871004394 
5478642611 7842514617 2560272380 4763286997 9661131161 
4717459878 8554203789 6030485119 3694719210 8774950855 
3862899585 0377779904 4798797681 9174494142 9000980359 
7502443144 5721638798 7325933347 4843304573 9408125512 
4793772083 8298860465 5248714452 0681203144 3287202182 
4917133324 1238941303 2203595572 7805144049 5605813651 
4098616007 9051007464 4557432653 9394539164 7302445540 
9044935918 9950093007 0180617233 3716798202 2317326195 
4865526065 3765962406 9393912796 4089260841 6114880330 
6464994054 0746459731 4824039656 8634321593 1299439370 
7782160027 0955871259 2639380626 5309063722 7159030214 
4540827890 3536701670 9815238983 2704238400 1634810127 
4986996593 8331877195 0793697308 3569436728 8565061102 
5094535204 7041905954 2468201989 8279610699 7322621366 
2816736312 2989056247 3777629237 5576101165 4006559385 
2372739150 6690645767 9463920589 7165228649 7743450228 
