4140350888 0830934461 8168366673 7157251416 3826056268 
4009201088 4137838892 0760123000 8640272331 0587403779 
2368077723 6337609996 3345491422 9514026340 7406950003 
5719201635 5410390524 0352907273 2698238914 6458549806 
0712197168 3395177468 4572732705 7830016504 3438522673 
2890660418 8841138250 8341361379 9619810169 7052736772 
4719795932 6117762234 4539819532 0472440733 9455212937 
5484996462 1282877989 4759263556 4711248098 4478863548 
5768440400 7964540865 3431178446 9866699631 5507153553 
4675331827 8942174905 2954084700 2365155937 1913007076 
5320610164 6242846057 5445913627 4080249442 6430247420 
3872311368 1403501164 9167388033 9796281288 2370862631 
4777371095 0925211669 6677284000 5669652355 3312357273 
4471225058 4933421000 6543804671 5335152491 8231784616 
5102580881 8016446049 9940588489 0852354086 1518389404 
3607193406 7129236726 0694480645 9997807772 4922090290 
3862440744 5869701420 5902219888 0684609651 5170948230 
6000964657 0143644076 6806637279 6875694071 3515678279 
9064907906 3277209044 5245032485 7579280708 2252032623 
9683354851 5860693145 9783852836 1694563361 8631495689 
