1567945208 0951465502 2523160388 1930142093 7621378559 
5663893778 7083039069 7920773467 2218256259 9661501421 
5030680384 4773454920 2605414665 9252014974 4285073251 
8666002132 4340881907 1048633173 4649651453 9057962685 
6100550810 6658796998 1635747363 8405257145 9102897064 
1401109712 0628043903 9759515677 1577004203 3786993600 
7230558763 1763594218 7312514712 0532928191 8261861258 
6732157919 8414848829 1644706095 7527069572 2091756711 
6722910981 6909152801 7350671274 8583222871 8352093539 
6572512108 3579151369 8820914442 1006751033 4671103141 
2671113699 0865851639 8315019701 6515116851 7143765761 
8351556508 8490998985 9982387345 5283316355 0764791853 
5893226185 4896321329 3308985706 4204675259 0709154814 
1654985946 1637180270 9819943099 2448895757 1282890592 
3233260972 9971208443 3573265489 3823911932 5974636673 
0583604142 8138830320 3824903758 9852437441 7029132765 
6180937734 4403070746 9211201913 0203303801 9762110110 
0449293215 1608424448 5963766983 8952286847 8312355265 
8213144957 6857262433 4418930396 8642624341 0773226978 
0280731891 5441101044 6823252716 2010526522 7211166039 
