8357290569 1988555467 8860794628 0537122704 2466543192 
1452817607 4148240382 7835829719 3010178883 4567416781 
1398954750 4483393146 8963076339 6657226727 0433932167 
4542182455 7062524797 2199786685 4279897799 2339579057 
5818906225 2547358220 5236424850 7834071101 4498047872 
6691990186 4388229323 0538231855 9732869780 9222535295 
9101734140 7334884761 0055640182 4239219269 5062083183 
8145469839 2366461363 9891012102 1770959767 0490830508 
1854704194 6643713122 9969235889 5384930136 3565761861 
0606222870 5599423371 6310212784 5744646398 9738188566 
7462608794 8201864748 7672727222 0626764653 3809980196 
6883680994 1590757768 5263986514 6253336312 4505364026 
1056960551 3183813174 2611844201 8908885319 6356986962 
7950367384 2431301133 1753305329 8020166888 1748134298 
8681585577 8103432317 5306478498 3210629718 4251843855 
3442762012 8234570716 9885305183 2617964117 8579608888 
1503296022 9070561447 6220915094 7390359466 4691623539 
6809201394 5781758910 8893199211 2260073928 1491694816 
1527384273 6264298098 2340632002 4402449589 4456129167 
0495082358 1248739179 9648641133 4803247577 7521970893 
