5751252054 2758340843 3765438773 5755811332 3322445874 
1691304462 3332885304 0341681853 2765079629 5332567196 
8030466262 2269392924 2338176147 4062176943 8130181644 
6836250602 8878688263 8848622844 0768649870 5054382292 
5806584870 4040355625 7325674952 0111431937 5477540770 
9196207953 7181488250 6166306925 4831888871 6236852515 
5484810807 5745353475 6650691089 9890257900 6747116536 
1044635484 8625845329 6011166055 2481236658 1334844340 
2303383876 6947308531 1468229529 0092852033 9707297247 
8459503263 9730470969 2877275566 7410787921 2706769691 
4719162964 6778484264 3755418575 6985108165 8718271514 
7495503615 6500371320 7380545212 7386073713 4932832995 
0679483810 4667216961 3166745564 9838641066 5538519571 
1477979897 8040531315 3130469535 5956012501 2230730135 
1228235903 0897413153 1872460657 6765069273 1207540535 
6228053969 5667094045 5433100169 9200934016 0301510967 
0070870330 8962865869 5481117116 4472224295 6459262470 
2284383736 3168276182 6381454527 3819011571 5089522016 
6955589525 5462206792 0742767776 9230811522 6475110682 
4433913416 5002524040 6933025859 8945633927 0364194407 
