5397812008 2182135850 4554735215 7480438705 0965377446 
1478113468 7165655588 8351972792 1318504550 6835539430 
7605036900 9362962387 8364086670 1294439893 8544441878 
5088158837 5087629000 1144469012 8881295585 5677523752 
1659868493 4324220643 3312659157 4887295399 5338622517 
5380682153 4505112447 4409469110 4511632399 5851505755 
1231258294 0123674771 5157902678 5466343783 2997684375 
1816713246 6395464302 0788768384 5141331311 2004383627 
2094728966 7797439488 8903403933 3934771491 6556098784 
4062612358 1223512954 9256259585 8319163624 4844911239 
5365765871 0507880739 6708810976 6912105133 6720210884 
9092498348 1410808514 7197931198 3256014913 4071181692 
6537717669 4886325677 3850811309 9293924279 7311269677 
4583490608 9590146797 1121975453 2868794910 0384969406 
0700564567 2377105349 1890644506 5280295574 4757018578 
5935333025 3437314144 2053035818 9472502565 9741992239 
0085503338 4792966237 0767233463 6290375995 0087543075 
0257963974 1502039884 9590375857 6829100173 4410030163 
9017484856 3306422011 7520177885 7984274579 5912502607 
2781470357 3118803108 2540722337 0561840398 1464308667 
