0132641399 1073500244 1887725563 5131802012 5185808148 
9754097369 7308148730 5408871737 3474428409 1929164342 
4402102449 6426392873 5739824038 1058420037 3458695310 
7032797985 0229309466 2680690179 2724178709 8062523829 
7549267427 1740109313 3908440060 3177150398 8397175651 
7156642506 6140863519 7545734597 4732854603 5257708163 
7908053873 1580692280 5330698661 0717617047 2318941722 
3854132675 6768641085 0693619772 8508808999 1205932294 
7870172365 9957911254 7404902304 2173561164 3954893538 
4403866196 6783227383 6309911100 5285837078 2496250614 
5518825693 8516357639 9303075590 7074091779 1768960090 
9421662686 3994593098 7166518752 7628061216 7765599179 
1029060977 9887602911 3129385895 5350180182 8282284251 
2717674142 3279437724 9083446842 1570946790 1049134293 
9738156593 5133360706 1912518396 6348987890 4947087264 
4134458081 0241396525 3897144390 8917775225 2411780220 
1688749824 3016237329 0165423895 8880298757 5006283104 
4553948727 7012493083 1524949797 4712676481 1041792369 
0325649790 8621475914 0723385699 8568489932 0722812683 
1503709899 1931307602 2276809177 5960194196 6313606533 
