7542651454 1707897265 6421694991 2776720193 5651871297 
4238974200 7742270600 8183314686 8926602940 9808583955 
3452981326 4337429483 9713715782 6634893888 1758528599 
6432152468 4920221705 0423643862 9715317037 8612025782 
8547239685 5010947264 8686527339 3613270531 7091849608 
4286797306 3004361654 2134626766 1010170035 9875797906 
9986223205 4880264185 3248629251 0961687965 9807695389 
7654536145 4574455400 1652239142 4814892972 9381427906 
2558859701 2238728348 9024057385 5246423443 9119934502 
7206577171 5210499127 9089921169 9242640970 4094162072 
3180394969 4168898542 6561530328 0722468255 4245811114 
2700957323 2719015598 8537895755 7116192459 6312339001 
3892387272 1527861242 0381681489 6467821416 6675876691 
8285458524 4394137306 7714640373 4330940413 6447692935 
7832575675 4722460492 3772545306 6312261405 5017563811 
5999431970 2788365614 6997453561 8662519921 7747587896 
6802204666 7762597743 8338995660 3904036282 9861482702 
1386190536 0663668457 9151451491 2966241491 8969008081 
5398786558 3853781157 0342660344 3048225501 3197866047 
6762711151 9141329606 3961296795 6751485560 5359664271 
