7648733877 5484216680 7326793446 8273745356 6108015086 
0574339919 8621529578 7876111855 9244723527 1316900900 
7276022927 7857204073 9492840810 2800388985 6654021555 
6333756222 9145898264 0581718488 0903521959 2322984559 
1916946392 9579675300 9154987109 0141039887 3834792493 
6289310579 7115046206 1769010546 8930136691 2564960764 
5519105336 2731791560 0645964827 4765480572 3188947139 
8410986013 0286486656 1626662957 6250098178 3944574352 
0393794916 3186162324 5084104361 6455539817 0233396828 
0754081606 7678923505 1027647052 0409956971 4819307832 
1599322556 2257913369 0177937093 7542504178 2576570705 
9622397054 2412067164 1874246415 5756617817 5183211009 
1846264871 7765091190 3345723077 8731788048 4937765442 
5394524714 9424091479 3370735134 8787631457 6985100249 
6749829672 5718389578 3784649478 6398544023 1214546407 
0231609321 0360555946 1954760831 8410781549 7585524494 
7322143893 2052337349 7582947729 3697854244 7331921658 
5338317555 2249465848 7593974612 0313681769 2491287900 
5517840370 7516106150 8632843344 5673849566 5891503494 
2405200789 7413832212 1492467179 8085284634 2868204470 
