2757836988 2865730447 3701798754 9883391821 6443632043 
8360275261 1309004461 0037477990 2794907612 4599381124 
0516191996 0596513900 7790963429 3583119034 3056243567 
1573409505 6163628748 2782058761 5489988136 2284006319 
5111952017 8080967490 6704976589 4282031932 4591324255 
9617114164 3166944161 8015524066 1886331173 9950687964 
3778155380 9722292974 5986867436 4343772446 0225008217 
0131493699 1814024542 0915767683 9550131681 8107403428 
3041126865 2549868032 6457932318 4502950977 4520138980 
5535819414 1019131984 8338679855 5481994017 1661584883 
6118148504 9186467563 9177286330 5837466512 5190995176 
2786218221 7783739216 0428438123 6585503598 7768316798 
8769176678 6403769600 3396728064 0457345259 7520193285 
4039038432 7847518556 1475310226 3637335938 4639799945 
1197734568 5665446742 8389581911 0350875024 4754207501 
1754726557 9343040641 6448164000 1854896172 3573698765 
0020914631 2440068050 6656182113 2029336859 5675472266 
6466024686 8542008039 2607405662 9829966228 2788667330 
6450655032 8841629388 2956258875 5409694680 7070658121 
9805085789 2405667820 7301913200 6706036421 6836491652 
