5631353776 2548308959 4842053609 8722955582 7524593150 
0943341900 9078154671 1225727107 9852122273 7556158326 
1030239205 3167927886 1411832982 2645975576 5340454234 
6104902957 2239587533 1195796195 0228946050 3083569740 
3198482479 3750389739 8279538992 0689718912 9627097026 
8160179994 8823685154 4102490634 5037933046 3850598050 
0689368850 9215960924 9345461701 8696647022 5326193881 
9301682122 6484368777 9523961813 6877735017 8398760142 
8797208483 6641077328 7642886925 3587146978 3972618881 
0338450333 7118151711 4847157535 7282911137 7136313197 
7821202456 8460969777 4921963796 8473749691 0945644214 
6235274675 2726128530 1800789573 5430327535 5058900276 
0724171082 4277977227 3273590062 6663866696 0135223025 
6085097299 6315375782 4337925071 6217207440 6333137963 
8751714439 2662381145 5393900438 8678518424 7175875379 
0306636660 9326888319 3121032320 7235140907 0336054165 
7508220906 0337201668 1138850314 6846445191 6950436558 
8661521259 5069382843 4458152870 8712282931 4072755593 
3699681210 9903515910 1642125607 1107576563 4430635117 
0567316743 5289581947 5495216114 2519311002 5890413452 
