8900750775 8318181226 7074861693 7051137474 0514479454 
6197953017 4760061067 9345348377 3940552135 9299881834 
6545867982 5875860431 7340405546 0118233649 3553306359 
0832243916 6680612102 9285929309 9627572450 3127489439 
0964296332 0873077467 1500777330 0833934315 8859637012 
4433769577 6945482607 7160976708 6154816667 9423891035 
0609046146 0441303968 7136894886 7998350878 0406806438 
1621772406 3479178119 1620062957 7770139937 0934394432 
1724972218 2319521253 7941326027 5336745685 5860884410 
5908511230 2706065537 9689486119 0333431182 9339108761 
9618565414 5709689387 4369570612 3428019773 3557389624 
0768163158 4433584877 0733607207 0640126367 2416841255 
0983009513 8195768861 5124648660 1910441900 0405387333 
5671201528 7826261145 3144400194 9050115641 7180146235 
5300334608 0217675891 5614799503 7146733274 5815027281 
1272118264 6692255544 4131883985 9509334196 2398594556 
1184947674 7865322071 4920141404 3587348389 1207105258 
1636449069 2039881387 9272899285 3988460679 4699973386 
2878432225 1003743280 6665926419 9306084693 6167567748 
4717995553 8224978574 6556725055 6748949309 6000388111 
