6502599000 5993740173 8666047062 6212388528 4817010946 
7101387683 5220025370 0490944667 1047557900 0862748699 
8607580100 5598973977 5274853207 4183466193 9937899976 
1075399302 5114426156 8920485519 7230784075 8227848383 
1235864781 6828634723 9705070337 7015510803 7216863941 
5071758912 0252352003 0936445381 6100089088 1305020391 
6934115910 8232754929 9699784135 4483322967 1875424182 
2465520037 9622790431 0697702416 7654829394 9761640495 
0028309838 9394260224 3046169048 4355804747 7224038717 
8669349153 9288578630 2298924314 3684173047 0301570109 
0230606750 3702447200 3326413487 2856010032 1972365652 
0159094929 3414826212 2999823173 3207306487 9601203797 
2764731556 3630376092 9383734234 6820918332 0342088037 
5831996892 4099274936 3529073564 9847239275 1796483564 
6038113180 7445271846 2234585979 4497228431 8052740625 
0005784420 0483005238 2387510848 5542664866 1840587880 
4641206810 3591989839 6098727131 1506410818 4549045557 
9927609435 4218400671 7645354861 5105282475 6829626859 
8180602937 7282987924 4252943870 8541207310 2529404983 
2789179127 7490031521 7552148825 2603471416 0181953845 
