4176711806 2521836875 8194154070 3676815615 7661817204 
7799869233 1464033613 8033465204 0184261580 3902641825 
3618572246 8448606128 8736869992 7202741626 8063766621 
1206929034 6196954581 1364344741 5987140189 2116604662 
2658266159 0542069763 9435931236 6204552875 6034216500 
3473601194 3422561491 4032015794 1711851715 4275639651 
7256864538 4670954524 8371305948 9858255974 5277564378 
3720939037 3760644875 7805380896 6666139918 3963055434 
6351531548 1858867792 6291272536 3426288985 2568544646 
9814497461 8924149586 3663671981 4006506858 8860860224 
2673379881 2768796940 6497029915 4524527213 2575428195 
3249173115 0662085866 5207749095 2965100753 4040492273 
5654828295 7025690629 3588816904 1465106971 7772420955 
4461302585 4381786304 8508060589 9063738090 5430695026 
1384242227 0537535459 8590993266 9673321651 5194817253 
4532747333 6027447258 5272453947 8578704905 4847586331 
1571836633 2359132347 5882593406 4152103907 2871936326 
7963759284 7331316123 3978154985 6507745957 4263019250 
1361344218 1778657326 8459498039 2574196969 9998764598 
2495670940 9559549064 5143192997 5329699029 2901811334 
