2772262349 4860150466 5268143987 7051615317 0266969297 
0492831628 5504212898 1467061953 3197026950 7214378230 
4768752802 8735412616 6391708245 9251700107 1418085480 
0636923259 4620190022 7808740985 9771921805 1585321473 
9265325155 9035410209 2846659252 9991435379 1825314545 
2905984158 1763705892 7906909896 9111643811 8780943537 
1521332261 4436253144 9012745477 2695739393 4815469163 
1162492887 3574718824 0715039950 0944673195 4316193855 
4852076657 3882513963 9163576723 1510055560 3726339486 
7208207808 6537349424 4011579966 7507360711 1593513319 
5919712094 8964717553 0245313647 7094209463 5696982226 
6737752099 4516845064 3623824211 8535348879 8939567318 
7806606107 8854400055 0827657030 5587448541 8057788917 
1920788142 3351138662 9296671796 4346876007 7047999537 
8833878703 4871802184 2437342112 2739402557 1769081960 
3092018240 1884270570 4609262256 4178375265 2633583242 
4066125331 1529423457 9655695025 0681001831 0900411245 
3790153329 6615697052 2379210325 7069370510 9083078947 
9999004999 3953221536 2274847660 3613677697 9785673865 
8467093667 9588583788 7956259464 6489137665 2199588286 
