6849189397 3167337404 7376102153 4979028013 1722337912 
7998639147 1010573645 8088249640 3779366914 4260225224 
3291822035 9694796522 9632415046 2593037636 6432840865 
6160231216 1099027177 9794048244 2374377242 1754532743 
6903074926 2617258880 6522332614 1060338165 3209323202 
6699108708 4758681985 6399049857 5011761996 3690596992 
5410436875 3291819072 0041575982 6234546672 7015736971 
1333570414 0320937934 5126606070 7990655868 7961615799 
8493410954 0903212436 5443108731 6158637572 7374817450 
1786655737 9398486692 2911759920 4342247600 6485976005 
4978280629 4187391474 9664566019 7689263616 5982896565 
5744580409 9142689094 7249706735 2204701161 9153600945 
2736325306 6644020100 2320187322 7819761486 8663489891 
3273470144 4820324293 1178410091 5283333037 6911197051 
2525118902 9708294297 4883981371 4997780527 8164934370 
5604326005 3526981069 1898658868 9816108899 2699204345 
4781553574 0465293822 5547579239 6512578169 8498673421 
8218531240 7343115296 0821411209 1999940616 0101582191 
2737301650 1769581186 1903668977 9275690467 8571018105 
9393731438 8119291474 9443565221 8962602863 2586636519 
