0174536592 1218638768 1077742091 5836469090 9165182739 
8075310306 6499806244 8492774756 1884529732 9472713914 
8997268407 7858977868 6560487233 0575242285 7172473443 
6667418181 2327084159 1791478616 8197800328 7524219464 
8011931593 7935152394 1740904190 9841257809 9090388940 
7794204672 7049153450 0024860427 4553073068 3647222075 
8930821994 4523472145 2184282562 0929143768 1438780213 
9693639978 6022126322 1098220773 5714412941 2640653765 
2642854348 2970693655 1168067283 0614815535 0067799273 
4287467174 0836666020 5372922048 4840870252 3012585717 
9145696657 9523963596 8627064590 3720726805 8794398134 
0066767014 1176581252 2334810483 8686771740 5879736896 
1559962178 4654973073 9340954660 4314586015 4049561577 
6456167344 7212642746 8746140830 2063879359 8042849662 
2472232550 4660952317 6817245863 6261128483 3874076507 
5828895677 4589588736 1095197420 7232126233 3556151933 
8247176021 8186838953 0067975021 2076904388 3812835625 
8145012500 7119027156 5144346270 6481495059 0196996139 
0405607906 7372607241 1292447199 4770283848 3531863329 
8176199947 3128331449 1596877750 4290327977 0347619380 
