6295512384 0138422910 0357676929 6985959054 4398289266 
6608780103 4405967055 9052076683 7021015952 1951394544 
7731187410 7235279456 0844354946 6760792882 6819356764 
6665891613 6214042478 5642792681 5625448506 3166852683 
2752465600 2747765241 2794270534 1934828054 6267028159 
9245391248 7393755809 4012591977 8346533655 7356259376 
6808769975 2574602702 1669649252 9983775381 9693846254 
7085188615 1047522647 5136489188 3357381891 6971219583 
2681004195 7653770211 9211827256 6508896682 4675048666 
9965988504 2041191615 3320898856 7238092601 8142811762 
3447955829 4288085813 6988607372 7549749121 3068743742 
1943014866 7662596916 9519536885 6911749382 3196975595 
5794021793 8873722515 1599714054 4728970839 5510365486 
6628196503 6848684661 0392745568 4143635901 7774403875 
6512080771 4563648777 2844383315 6357249683 6756314810 
3943896809 2119282337 4145076186 3056577773 7794145333 
0257820788 7933713552 3281930667 7810347448 7881453302 
2767115982 4630146773 9131806469 9017145323 1819572964 
0171382993 4458665281 0423902920 4404205030 1085037228 
8970722667 3204164075 8383521162 5547293542 0977067186 
