5262076294 6720436336 4327350566 3204112521 2872258941 
4997628046 8914855507 5973614650 5117641257 9302836974 
5320360465 0615692381 1972132510 5618061345 2134381768 
1732762841 4181021644 1341702491 7558436568 1145479777 
5195828066 2844249750 3791747723 6204204245 0573630609 
1115484024 2699564336 0035301436 6659751182 8032803953 
4210540491 9103056731 4210754130 2357934877 2342390739 
5938930043 6891328148 5468821970 5348268064 0613344760 
3574659090 6564609800 9717176995 7520437556 3545216850 
4422439082 7808348072 1568003121 3805137447 5573866335 
8066128982 5695253557 2326630739 5195406369 7946913927 
3919509297 0992913488 0148676072 7149785168 2702690507 
1076789657 6530440463 3626268887 2262742931 2028751738 
4975542143 1504998907 4564612156 9554253570 1520147462 
6587358829 1544869367 1682109726 3877036692 9876270333 
2692676405 1123565917 8773632477 0461161187 5283786408 
8038280136 3490414508 5131829558 7380336571 5923755404 
3740366009 4312662493 7447350183 6940883501 2318057025 
5108941846 9366688303 8062360436 1689986818 1504628145 
4399370843 9467237952 8195303288 6060996315 4780541105 
