3979831739 1048191798 7933763099 1824007163 6953592567 
8358669990 8525682834 6179992044 8492158286 8255426606 
6694806590 5588375476 7477890063 0307639773 2011916264 
4193123137 3328223641 8119343830 5058658554 4982998689 
9114668131 1711942189 1601793736 0257596321 8532104868 
7499204734 7029942678 7127613334 2376683428 2256575650 
1574897202 8034318032 0624484957 2309739005 7150931453 
8918434494 3828397373 4515799805 1562591643 2262701418 
6206236944 7593021410 5085028120 3604910993 9053684780 
5602166270 4636855257 2741329060 4228995635 1025228475 
1907030825 3273849955 5533044957 8033090259 2753163522 
1809889882 6291159803 3711257017 2176766904 5456806492 
2305157474 6891557171 0175672403 5418935061 1288873024 
0431443198 6958652186 6760733038 5490360277 4609635450 
1952529653 4070301597 0324098511 5025293058 8656719011 
2508328471 4968064894 3813007837 1862392446 8179021621 
7356912288 7239480216 4846473775 1768189421 2220710356 
5559650797 9484499008 2719355281 4791434040 3713871720 
8176090319 8856458746 1081099105 9369177437 9471287936 
8950324774 1864858064 8196799561 4643670824 8708993683 
