9513150720 3056530300 7886859820 3607206699 1673761641 
4756654287 7193535910 4452116916 7692816396 3645629783 
4073706478 8274061834 0543570774 1216138320 2873787903 
7858589327 4553614956 4461255050 5547826687 4544550908 
8688946927 1859889494 2344950748 3821850184 3413032362 
0046680700 1917504592 6284083850 5364312676 8698034026 
8115807098 1034589860 4130841735 5099569441 5179917543 
2334806330 7326133913 9979788000 3821091327 6601454961 
1157042858 0281606751 6233813538 6305242956 3833095032 
0192878164 1324922300 4761179535 8249560591 4530004246 
4478806213 0246897865 5969262925 7635740287 9940135692 
1167553904 0026996645 5602568297 2369504959 0996027170 
9738166616 8678004832 7292990594 2810296816 1574696306 
0606101062 2671702125 3966747951 3893813748 5389535175 
7832945136 4260069361 3777744000 5669930174 0201136677 
3178770446 9450601292 2607496911 0615762076 3789334504 
1373365119 5600329078 3523596465 3265747497 4352867211 
1629807567 5851083850 1606998969 3586715225 9646305700 
9139087628 7416492541 7081690968 4730954886 0233298288 
8001016529 6280897698 7723196907 4210270093 4888093445 
