5512188188 3365197843 1853559606 7476350722 1611787287 
3563946565 5434276140 6855941242 5912141707 8116303080 
1019258762 1993809895 8943050939 6825182771 3033033492 
6648853295 6187952664 4631906349 3896492797 4779630581 
8237760658 0354022796 6910818093 2267251426 1428768508 
5502340363 9597056214 1251513762 0467224442 8979978554 
5413190137 2056002945 6706340382 4299178075 1257244844 
6357715258 9347223368 4526800050 4905794076 5926118340 
4627646998 3532198933 1271173271 0511293877 4627200813 
1726320867 1247247831 0369532505 7116684669 3391999383 
8341653013 3092477294 2935847074 3882634240 0701321713 
2097282749 4796116356 6782615071 5662825021 2520627638 
9751566585 1340604552 9010926112 6381662242 3668992710 
6490418862 7001442112 8735923939 9825005658 0064325060 
7509458935 8500721807 2932230824 6108258185 8746713340 
6733443268 0515475652 7611229009 4215465561 8310341268 
7017228654 1622690757 4466637402 5785058198 3903372668 
5391283425 1138897761 0370155470 5969784284 3812110416 
6749642361 9368984063 5613876227 9595452151 4689288132 
8239439636 6129450138 7816765909 2925089753 2471669123 
