6834827515 4607827280 4451824345 3759655049 2568064853 
2309992814 5147534550 9275552779 6279414245 5744052552 
1882532395 5625085721 1799635301 9567581177 4436762550 
9731975115 5651484513 7285424074 9048380819 9558809151 
6117939219 1042619092 8485781613 9051482314 7445531015 
1615917841 4599947122 3905165969 4410397272 9574115833 
9745939062 0500775807 0959676589 8924961437 3434878156 
3774420837 4999146183 4513411785 7213565765 1002882165 
3437883890 6972299886 2946226868 5195628832 3205705378 
9421789593 6784489997 2838082251 2958573742 9565314870 
4304032195 4330164722 0458139790 5745288020 7472858810 
3114085879 8747211863 2864898447 3405311460 4400480011 
1896474216 5719993115 8890372059 0031466418 1261792091 
1940887850 0667780109 9918546190 9348926691 8509118998 
5328175801 5614963442 5272742021 3230832626 2537829753 
7478084964 8620574737 7298059504 9021455501 0896934806 
4510974333 0059979855 5320331318 2691751915 9195006558 
4884365516 5633523507 9497441486 9955459346 8266676174 
9841931923 2391985849 3142907033 9724907410 4335315507 
1618577128 4452704556 1514872082 1787901075 8099459907 
