8190340768 4845590803 4852561211 2446388323 8877600772 
5640595058 5761450617 2929101763 4210620163 2276313357 
0869841611 3338433519 1595521993 4239104565 5659731008 
2316994799 7845631959 8341143056 3705888413 5857232439 
4599937160 8451544322 4733325747 4326902932 1113405536 
0526090724 1688375335 4361412870 2342378252 7089538235 
7658516596 4173281100 4236702247 9426589489 5420024627 
7977930989 3450760213 6241713703 1065132759 7596134899 
2427004704 7172533326 4227742623 4756632022 5179842495 
2498212765 5951139456 8141270076 6231548515 8257359633 
5382671792 2669936333 9180668550 9480289663 9701633580 
3063577792 0615129299 5868181602 3327826828 7561386953 
4898338580 7840486775 6502916232 8102232126 2862370364 
7116725909 1116220744 9944470337 1546717193 5579603406 
4957218399 1324315717 5868905635 7820119356 2277776342 
1623672475 6676876172 2061015213 3894288442 7554638039 
1429829340 9706376846 6511699684 5497749248 4216234549 
8790190059 0122307110 2488058804 9920820267 3415213345 
2619482271 8040452465 9228844295 5419081544 9214580890 
4570493927 2983216883 4134299536 8258674641 0836728468 
