3313287432 1981230074 5130314440 0768357402 4462780977 
0130021421 8712351188 4439078142 8645714867 1303162743 
8140533885 7603885294 6905077691 1243964028 4427539211 
6011246848 5588590871 1120433136 9833551298 3177044754 
3952735118 0945626273 6507213423 8675487816 2350966398 
7589890781 0584333722 0397544204 9861899214 5343945700 
1076699302 3334045070 6235582283 2197939121 0716339044 
7845740649 5968373683 5999610270 5598109343 2754571822 
6581916273 7640832649 1944633925 4141257047 2789300121 
8140995028 8177663218 4985453085 6667900703 7626577058 
3827317495 6120917523 2476012728 4885442229 8986799882 
6628395086 7894577143 8815809675 5058011481 6329510134 
1784549495 3248474350 2461668260 4908605434 9862607076 
9522068457 6930888101 9936388602 0569081016 6450518721 
8150057434 7274692400 4566280135 2442429043 2379684768 
3264995978 5995418767 9609888240 6497426652 2958440697 
2977619146 2648978315 1028740066 9792362033 2060404453 
5479441981 9989475253 1957170520 8553161777 9164107727 
6461392157 1177402991 3555501516 7097966196 5240622229 
1416099722 7029865408 7146907919 3291110174 6040120652 
