9338018360 1193236857 8558558195 5560421562 5088365020 
3322024513 7621582046 1810670519 5330653060 6065010548 
8716724537 7942831338 8716313955 9690583208 3416898476 
0656071183 4713621812 3246227258 8419902861 4208728495 
6879639325 4642853430 7530110528 5713829643 7099903569 
4888528519 0402956047 3461311382 6387889755 1788560424 
9987483163 8280404684 8618938189 5905420398 8987265069 
7620201995 5484126500 0539442820 3930127481 6381585303 
9643992547 0201672759 3285743666 6164411096 2566337305 
4092195196 7514832873 4808957477 7752783442 2109107311 
1351828046 0363471981 8565557295 7144747682 5528578633 
4934285842 3118749440 0032296906 9775831590 3858039353 
5213588600 7960034209 7547392296 7333106493 9560181223 
7812854584 3176055617 3386112673 4780745850 6760630482 
2940965304 1118306671 0818930311 0887172816 7519579675 
3471885372 2930961614 3204006381 3224658411 1115775835 
8581135018 5690478153 6893813771 8472814751 9983505047 
8129771859 9084707621 9746058874 2325699582 8892535041 
9379582606 1621184236 8768511418 3160683158 6799460165 
2057740529 4230536017 8031335726 3267054790 3384012573 
