0811903347 9335074093 3967335438 1066776442 5162109106 
4097827740 3934724092 2697139986 4193240183 3676257879 
5166166921 1485708440 3473110985 7718604143 8065703058 
1140896522 7990337070 6792777717 3240196063 6690599023 
9660061747 5966027436 4772334171 3211256406 9573043007 
3871896976 0826253778 4076168904 5650369641 2101726055 
1105063180 5878307177 1045716789 1720931555 1005131262 
4885074971 2570882776 0818462973 5156660641 3813185775 
6923219422 1616981981 8338615910 9111212964 0683476454 
1498748925 9676939155 2088999743 4834825109 7717173347 
7484904241 5704476573 6574577528 8703137087 3919072182 
5057729931 7720421259 6617789094 6278107374 8939672753 
3366949775 9775761401 3390964005 9949599124 7742405822 
6022767434 7914043659 7750071174 9068727626 9345637528 
7627915386 1033480986 9295742898 4900870413 7552160375 
9467876439 8436269591 3728997237 7200731453 3667335269 
9683662926 0856570583 9038823593 8311896147 6361331704 
3665297644 3607494016 4969717395 6600232484 7531278261 
3511627451 6934985914 9728425780 1156635401 1257488383 
4495782054 7565134867 5253533930 9492987778 5668247383 
