2247136341 2781566382 4590502307 3398325360 8300387302 
4839639954 1840286629 8087668996 0054360674 6374781759 
7385932001 0970384009 4329084825 2148607855 8007203028 
3926248148 4210735676 8943650847 8291723943 1353773078 
3382862045 2560793714 3479890247 7544800015 7389116577 
8949114366 0036793543 6393206776 2630211052 1521013592 
1546945449 9705888762 8365793340 6061323911 0233812347 
8911651339 6064823273 4302761158 5343257078 2259674566 
9263994450 6549281999 0540278815 0706299036 2135050452 
3173250136 7062439410 6180766761 3786614145 6378576604 
4207492422 9269770349 8450126514 9216717696 3310516767 
2678488372 9549005678 6572397844 2763113473 2497719890 
6007618759 1408960730 6658215138 4491345615 5557115108 
4513215973 8291100111 4287389599 4616239385 0583603232 
3442082881 4504339150 7378081863 1937207838 0311364175 
8373487519 7650793352 0535426106 4839646800 2283180323 
4766267824 3897034382 8285676740 9938801224 5584182825 
0616588718 4191773971 3484249557 5355361542 8351062448 
3282114107 5660967969 9510482522 7942158706 9315186868 
2289065990 5445428976 7683407842 8468663516 9507359290 
