0594465251 7186518412 0454432711 6374524591 2494051031 
7749743271 6433047861 0425203579 4032712103 8480844643 
6333013715 2901498842 7523779498 3457479987 5281511965 
1594344029 8872149170 6555591849 3963736202 3534636888 
2181314372 0813493658 9804188526 1814616685 6463897428 
3915059558 3703947123 8321734527 3482136156 9612832630 
8516503821 5295650842 0824710834 8556368415 2892779777 
7756366598 2862156502 2125074611 6759032116 5420965414 
7012294283 8545756721 4173899297 9980052464 1816847334 
8180217325 2198821195 0351846705 8280842927 1159259997 
0153750974 7900795093 0331880565 5801013980 8122984565 
4681618715 3857992812 8610376600 6844083084 9839727976 
3700416603 0652461482 6604283117 7932893558 7420559345 
1881326476 0502991798 3382716373 9598602358 8785134609 
2673231951 5887297292 4667709763 5098946770 1402822922 
4590936493 1925193174 2859694152 3665646599 5111925468 
5886480010 3777931630 7387944437 8711516343 5808683855 
0980361673 4117746795 5250541569 6325551756 5930011098 
7103438333 5920075203 1771871321 1694297373 6665048161 
6228139743 6919436021 9793318911 3714775792 8460485105 
