7454283287 4817932872 2787109615 8968260415 1910321603 
5886779474 7925929885 0999499049 2164849713 8544125533 
9167379832 6983742448 7412745470 9620633713 9047404836 
0794157529 3633639044 8179541411 1734936202 6048512012 
3053605543 6888793862 9144807879 1005255598 9328252773 
3543592470 6739997269 2273992775 6533972566 9671524096 
7730735176 1299221420 2555065314 2954908742 6170533585 
0333177746 0258915289 3788654307 6661397186 9474350204 
6969668750 5676637825 0013366544 3412014978 0395334094 
8430588040 8087138695 3158989175 4432305576 1484459929 
7128725620 7647002380 8833082557 8637544806 7354538598 
7638085847 6365069526 7362809861 1990040267 9811302046 
1010194459 8035927435 3057449296 2422737733 9552016915 
8005332066 9755130197 3113370391 2561191330 5432979416 
9919294829 3905572679 5795281772 6968793291 1425777320 
5002147601 9969815220 2061524517 9423898458 1852682797 
8979744054 1656480562 1008330286 0547301031 6050320145 
7405188876 1984535029 6999926465 7956500190 4482782417 
3860954017 9103702546 3814362445 2508870292 2663923366 
4043519678 0035665454 4364250362 5079529648 9213906564 
