8414018273 6971450214 5264316466 2100373809 9504185588 
7489630824 6574073342 6300253099 4978155914 2128751970 
5271001157 1017163774 9883378795 6568653934 4266119544 
0774144399 2487423206 0422661597 7147800654 8964334962 
3583962211 3531257289 8201355984 8156570204 5748210917 
3737866280 2539307044 6554368897 4749065847 7949409598 
1224478743 2218660153 0097345480 2469617267 1294778795 
1944151344 0173011883 2367448720 4478062366 3700352425 
8617656838 0848573688 5690237092 2908821222 7208341700 
8979129256 5435419407 8268993055 7315191699 0118070501 
8958859647 4048139046 2609707341 9544942270 6775403353 
7102964836 0620327556 1731021591 4346844155 3909565909 
7465499279 1537633294 7359960200 8980264079 4682925361 
2778983205 8536058561 8611894514 0611322242 7128611166 
8672502570 3363488631 5857173971 1603288212 3866374918 
7456626042 9531898520 8791769279 8532059687 0827320607 
7204908756 2497623985 0639187378 8063610737 2115907573 
3629897056 6574688377 3515985230 6207834856 6726739945 
0197245706 1604170286 5614312668 5079755716 8950806738 
6196133576 1307793385 6652942611 7899557612 8220396278 
