6163036697 6572927463 1760052262 4881300262 0159344695 
9933230130 4443908514 1440696129 4909514351 1324043728 
1803780305 2701614745 9666973182 3396165575 5091009447 
7201123130 1699270821 1043728483 5364658022 7984353176 
4876043952 0807362259 5864078734 5819153105 9455825240 
3107537721 5743214571 3447781843 0984474999 1891988572 
3488153921 9045201566 1719255542 9987533454 0023811097 
4852027005 3711471238 9797470101 5854753862 6802813231 
7028620129 0386585144 2364486492 8655235817 1372029388 
0175294101 0225202856 9118718607 9645010876 5298425329 
7163117441 8650752018 7692927464 2106131317 6203085067 
9066588256 0616162451 2329833385 6021225199 6132072858 
1640702090 6231271834 4848223007 8940409243 9163274524 
0874566781 3673557003 9755142780 7392003435 3313212822 
8732868954 2061881883 2914189042 3929582934 9293059481 
3919419210 1543032435 6744769924 3068489549 5202395456 
4550306504 7097125895 3086410011 5696873272 8057534628 
8820928949 9803769427 6715237246 9074527687 4941173761 
1248907019 1987929642 3247494837 1863913292 2040334047 
6272852904 8057020058 8772263597 6788174715 7982142176 
