4176643490 0548515322 2335130502 0047426608 4260275811 
1430811587 7357853681 4136568366 7133917403 1607056503 
7908528432 2678216464 3593015192 0709912343 3844476197 
4897013637 5189516849 8630633471 2439357199 3453325119 
2434024867 2268509671 2244422809 5486209670 6420714603 
8923593401 0684400475 3696386497 5135973583 3109378326 
0019092515 7443192037 6122937708 9055745436 2847738453 
3513756498 1164123368 9229522888 6685199915 9162996178 
6720819183 7173473070 0682281270 1860650275 3029833901 
4669995747 9446107026 7161116027 8717065002 3445485265 
5318046152 7980301358 8943109664 3822247543 9771623046 
7646353180 2819964493 7566237115 1160519787 5870834292 
1467498000 1529714109 1672570579 6936154875 6157178235 
8311177101 3590125353 9556871274 5799720175 9260654619 
0059379608 9784619027 2218145072 3587954842 7149913315 
0396203051 2411091650 4419669755 8251321818 6178356942 
7554061455 9727053523 8267357110 2318081972 0853948601 
8220548268 9866360286 9566818348 6685245446 1440840695 
2182633280 4876044469 1900826696 7629645490 7545722369 
2332744166 4913195564 8643994588 9933877587 0098805433 
