1863998554 0493230677 6159182859 2874389605 7804640984 
2089740550 6832961139 7239222226 9790364697 7678755173 
0396664474 1574726584 6547806596 3956489535 8195570035 
7971668912 2694699271 5128448647 7227398117 4181488663 
3192899465 9470600892 1131898942 9677196570 4861852768 
6134236881 5000041723 8002829767 0052779227 6554084855 
4333486168 8984973871 8678861898 7323238004 2400963864 
0679843517 1625112697 2592465867 8721107053 8015319495 
7716494850 6298157989 4694171428 2042164165 5866599072 
8619849384 9175480269 5846196422 9477931498 1223836415 
3855703808 9789007613 9010323497 1796963254 7196564912 
2745582635 4132341424 3643574594 7492979278 5696077635 
9148472801 2121820571 2372291254 4332455660 5340748495 
1814467690 5895980695 2003492300 1249866193 7621085005 
1236442547 8264357338 2132966096 6973165353 5425624730 
8090288177 6113373972 0629836430 5054086194 0622183850 
2449854756 6872126006 7633974373 1532578383 5487482440 
9780973933 6148731020 2390453380 9474159776 6456031376 
8110629892 1409016612 3270039005 0502294761 3518859124 
1064706560 3129801460 8889949278 6235478123 3707563735 
