2432127180 0610530855 1717034053 6033073763 0187113669 
3532176984 2826017611 2186006358 4896534143 6067091419 
9779246409 7211427449 5469891463 5554828643 4011040147 
2230084740 0589719394 2555677557 8440399365 7012637700 
9233040177 2015709714 0226189725 4902499639 6256689084 
8589775041 5713042927 1592893380 1462762817 8042451243 
3461156729 1708721811 6986695871 3126106655 8109715515 
5569633481 9844224937 7278998490 0169133406 5013922558 
3745253644 5871131537 7496428451 5400536404 2185976909 
3297900720 0836296202 4673223965 8837413175 2905866262 
6944673521 0442603791 9315211035 6061561327 1779583324 
2389410113 7830862454 6295140958 1718941653 8188260985 
8136255070 2814720744 1010322838 5697701212 6679321464 
7280115968 2437711016 4058829203 8122298228 2550564885 
0200090315 9908409669 8014250159 9597425610 2202631836 
1725571114 9139214436 1101853384 5568286070 3157664486 
0576825091 9462158506 9508284940 8530180664 4991207142 
8675989866 8841279064 6539483571 5319791629 6821916428 
7626912567 2169472287 7436722690 7463108534 1954406113 
3608487163 0083220781 5371548154 3546458370 2594850361 
