6747070730 2758499672 3132809601 6293612335 7408505167 
5867047032 2859872473 9808647326 7940394913 9379130849 
7363241413 9029439284 5766383519 8421867634 6643018086 
8960692143 3831960422 1009472098 4397666522 8225443683 
0422205470 1432565119 4268703971 9929342480 6391183114 
7159679288 2765901606 5848116137 2294419943 3263769016 
8222434355 9260799088 2034002343 5099058591 3929771576 
0494727077 0283095758 4270709136 9770437135 7590202672 
2712135534 4973304305 0674103705 4407734595 8430922769 
3748403956 3820488592 6470438636 2111993542 2550000256 
1144970850 5270500916 2892960498 4739830597 7089314120 
4198377018 7000638580 7844261773 6127875809 9551595038 
4666207484 8157250182 1235408254 3379820275 2568074574 
1779553025 8946819457 7646065374 9932699328 8820539515 
1847408514 7443635682 1092425017 1052586349 5345791590 
2871522129 9536595915 8076973734 0686493813 5614834686 
2593974252 9349372392 2991126095 3527890147 4152094619 
1693752339 6079180058 8818378506 6885788221 7408930223 
7670789264 9055901783 5733029049 8610475662 4088404630 
1744209164 6079276592 4033500521 3697505366 6580334050 
