0591233960 1880137825 4219270947 6733719198 7287385248 
0574212489 2118347087 6629667207 2723256505 6512933312 
6059505777 7275424712 4164831283 2982072361 7505746738 
7012820957 5544305968 3955556868 6118839713 5522084452 
8526400812 5202766555 7677495969 6266126045 6524568408 
6139238265 7685833846 9849977872 6706555191 8544686984 
6947849573 4622606294 2196245570 8537127277 6523098955 
4501930377 3216664918 2578154677 2920052126 6714346320 
9637891852 3232150189 7612603437 3684067194 1930377468 
8099929687 7582441047 8781232662 5318184596 0453853543 
8391144967 7531286426 0925211537 6732588667 2260404252 
3491087026 9580996475 9580579466 3973419064 0100363619 
0404203311 3579336542 4263035614 5700901124 4800890020 
8014780566 0371015412 2328891465 7223931450 7607167064 
3556827437 7439657890 6797268743 8473076346 4516775621 
0309860409 2717090951 2808630902 9738504452 7182892749 
6892121066 7008164858 3395537735 9191369501 5316201890 
8887484210 7987068991 1480466927 0650940762 0465027725 
2865072890 5328548561 4331608126 9300569378 5417861096 
9692025388 6503457718 3176686885 9236814884 7527649846 
