1312807124 2798970006 2737291525 9070166674 6437245667 
8743256001 9555424209 4453363343 9391956768 0459087133 
0983447962 1296632581 1637654664 8089007112 4740281515 
6434346310 8144532733 9715432334 5449268619 3074483735 
3290342429 0227063234 4509081553 7951237757 1610492712 
1798185353 5850994155 3871821944 9427086114 9692620822 
2831105450 5260176469 4421498479 6916249383 3508643899 
7979437257 2585034947 3321123642 0156454459 5832321025 
8673382120 8272011023 6171813291 6281347693 6133623163 
0005551854 1699451237 0308747176 9347530638 0949148828 
2318114601 4847359176 5019683057 1470471397 1680541712 
0760854152 7790614840 8154352770 5471113866 1935519182 
5554967376 8753756559 0189158920 7674352614 8852937632 
1078731238 7572064840 8237375303 2884640234 8829287586 
7457517411 9642595547 3254712998 8784413376 9717447828 
9514806062 9750159810 4109651792 4873725424 1586060709 
2634345112 2180515157 6805039523 2079839070 3844559080 
2489767512 4281118683 1122353594 4953623328 0515642845 
0911638253 2846827690 3779894056 0973049659 8216774794 
2906052290 6427115409 0759630490 7500457866 9480644240 
