7914160424 9897363962 2383553426 5688248924 9030940135 
3227598292 2676180213 9944680189 9603206758 0342939794 
7950058112 3563398697 2790236701 9776289840 7331986142 
9708994553 4090372605 7682234474 8869201029 7648871946 
1875862934 2131709327 2777691651 8710024989 9666585508 
3811335678 9617481139 2400806920 4414625665 3829452233 
9155160459 4824870277 5240265603 0802416084 0633583104 
9915931308 5394742690 7323472088 4119182024 8470757329 
1150721245 4468985268 5531159985 1117939381 0802097734 
7381749339 9988897385 6536994038 7595253362 1748239471 
5478348005 8946039366 5918892899 6217521047 1630466038 
4444123734 5091038293 2483894560 0129836493 4173204224 
3216564275 8286269646 2987054943 7086474634 2771185293 
8248043935 8216019860 7006217119 6591832591 8075744936 
5566031905 7421033069 7537073223 0140442939 1360729974 
2314821862 0571279724 0843229742 2253064784 7022287728 
9889172044 5413641683 0186205926 6947810650 0157727303 
4683998295 5110599642 7519834420 9099429823 9413615583 
2653884068 5298375019 6100267432 7960832267 6608982437 
3992304583 8193599445 5203647109 5908251899 1662915931 
