9639863860 9984425245 5919444237 4098076505 5611750578 
9614643591 9925564267 5963119627 7837512874 6537965238 
6652568169 5700326964 2878507201 8471660573 7922725209 
5232109907 6112702419 4913962807 4816965149 4320431930 
6489969675 2352377801 3360171535 5794152722 6744043835 
4774783461 5417136108 0719710473 0886023745 0312138900 
8132562431 7204976886 8022829255 0243349395 9917827467 
6959411554 4309850361 6431316394 4257325967 4614175806 
6342449250 6040232202 8029469873 7518293127 0655413778 
2988619584 8109350266 3645207509 3196152508 2015023951 
2810696188 3020837877 9175314247 3780066613 6610712556 
1380956875 4909763022 4818254733 6957774425 0136333465 
0527296241 9515030700 1629823433 9909100061 5550249467 
3712884321 9723533994 5293806722 3419621701 6163432924 
7937574459 1466577156 2668285110 7920980138 2360277908 
5249086140 6132382047 0296033614 2123967891 6949923423 
2171528883 2979939112 9466525384 7268640531 8731979322 
6777027601 7871515711 2713190221 6836416945 3290451952 
0461503355 3473446978 7141522447 0877070845 6141208314 
9801106667 1652074655 5367187872 8737469049 8716276246 
