8053085758 3522804191 9956073276 6591756957 7300287920 
7062873063 5622829071 0931722541 2441028996 5621943930 
3393597931 2729824901 8850599820 7530280581 8268734536 
2620769884 2883892896 3551772699 7755270892 8071198383 
2712641649 8135850566 0929746681 9414332203 7636016031 
7023864540 1038041933 7568874559 3512383982 7605652993 
7969463111 5736236765 8035157564 3680207979 0980697358 
9289503336 3102750947 8478135700 0647031676 5317984374 
8938593199 2844679705 0501465842 2277826960 6759197774 
3142284898 3462296380 9575224532 9234359223 5130441203 
4590961012 7448589140 5058274767 7591103619 7187481126 
2596027245 8667655714 7275493941 2055513362 2891690426 
3820835739 9520615723 9464517444 9899129702 1106570959 
4498556475 6710539101 3640465590 6165911779 0624364595 
7393460718 5777117061 1184517001 5454508099 8850040593 
1558750951 2061655456 3146200738 7394433274 3915654082 
2226551667 1149813613 5073739954 8933917480 8637419664 
8093278171 0026395