8821949739 7297077371 8718840041 4323127636 5048145311 
2285099002 0742409255 8592529261 0302106736 8154347015 
2523487863 5164397623 5860419194 1296976904 0526483234 
7009911154 2426012734 3802208933 1096686367 8986949779 
9400126016 4227609260 8234930411 8064382913 8347354679 
7253992623 3879158299 8486459271 7340592256 2074910530 
8531537182 9116816372 1939518870 0957788181 5868504645 
0769934394 0987433514 4316263303 1724774748 6897918209 
2394808331 4397084067 3084079589 3581089665 6477585990 
5563769525 2326536144 2478023082 6811831037 7358870892 
4061303133 6477371011 6282146146 6167940409 0518615260 
3600925219 4721889091 8107335871 9641421444 7865489952 
8582343947 0500798303 8853886083 1035719306 0027711945 
5802191194 2899922722 3534587075 6624692617 7663178855 
1443502182 8702668561 0665003531 0502163182 0601760921 
7984684936 8631612937 2795187307 8972637353 7171502563 
7873357977 1808184878 4588665043 3582437700 4147710414 
9349274384 5758710715 9731559439 4264125702 7096512510 
8115548247 9394035976 8118811728 2472158250 1094960966 
2539339538 0922195591 9181885526 7806214992 3172763163 
