2183398969 3807561685 5911752998 4501320671 2939240414 
4593862398 8093812404 5219148483 1646210147 3891825101 
0909677386 9066404158 9736104764 3650006807 7105656718 
4862814963 7111883219 2445663945 8144914861 6550049567 
6982690308 9111856879 8692947051 3524816091 7432430153 
8368470729 2898982846 0222373014 5265567989 8627767968 
0914697983 7826876431 1598832109 0437156112 9976652153 
9635464420 8691975673 7000573876 4978437686 2876817924 
9746943842 7465256316 3230055513 0417422734 1646455127 
8127845777 7245752038 6543754282 8256714128 8583454443 
5132562054 4642410110 3795546419 0581168623 0596447695 
8705407214 1985212106 7343324107 5676757581 8456990693 
0460475227 7016700568 4543969234 0417110898 8899341635 
0585157887 3534308155 2081177207 1880379104 0469830695 
7868547393 7656433631 9797868036 7187307969 3924236321 
4484503547 7631567025 5390065423 1179201534 6497792906 
6241508328 8583952905 4263768766 8968805033 3172278001 
8588506973 6232403894 7004718976 1934734430 8437443759 
9250341788 0797223585 9134245813 1440498477 0173236169 
4719765715 3531977549 9716278566 3119046912 6091825912 
