4989036765 4176979903 6237552865 2637573376 3526969344 
3544004730 6719886890 1968147428 7677908669 7968852250 
1636949856 7302175231 3252926537 5896415171 4795595387 
8427849986 6456302878 8319620998 3049451987 4396369070 
6827626574 8581043911 2232618794 0599415540 6327013198 
9895703761 1053236062 9867480377 9153767511 5830432084 
9872092028 0929752649 8125691634 2500052290 8872646925 
2846661046 6539217148 2080130502 2980526378 3642695973 
3707053922 7891535105 6888393811 3249757071 3310295044 
3034671598 9448786847 1164383280 5069250776 6274500122 
0035262037 0946602341 4648998390 2525888301 4867816219 
6775194583 1677187627 5720050543 9794412459 9007711520 
5154619930 5098386982 5428464072 5554092740 3132571632 
6407929341 8334214709 0412542533 5232480219 3227707535 
5546795871 6383587501 8159338717 4236061551 1710131235 
2563348582 0365146141 8700492057 0437201826 1733194715 
7008675785 3933607862 2739558185 7975872587 4410254207 
7105475361 2940474601 0009409544 4959662881 4869159038 
9907186598 0563617137 6922272907 6419775517 7720104276 
4969496110 5622059250 2420217704 2696221549 5872645398 
