9227697660 3105249808 5575947163 1075870133 2088614632 
6641259114 8633881220 2844406941 6948826152 9577625325 
0198703598 7067438046 9821942056 3812558334 3642194923 
2275937221 2890564209 4308235254 4084110864 5453694049 
6927149400 3319782861 3181861888 1111840825 7865928757 
4263844500 5994422956 8586460481 0330153889 1149948693 
5436030221 8109434667 6400002236 2550573631 2946262960 
9619876056 4259963946 1386923308 3719626595 4739234624 
1345977957 4852464783 7980795693 1986508159 7767535055 
3918991151 3352522987 3611277918 2748542008 6895396583 
5942196333 1502869561 1920122988 8988700607 9992795411 
1882690230 7891310760 3617634779 4894320321 0277335941 
6908650071 9328040171 6384064498 7871753756 7811853213 
2840821657 1107549528 2949749362 1460821558 3205687232 
1855740651 6109627487 4375098092 2302116099 8263303391 
5469494644 4910045152 8092508974 5074896760 3240907689 
8365294065 7920198315 2654106581 3682379198 4090645712 
4689484702 0935776119 3139980246 8134052003 9478194986 
6202624008 9021501661 6381353838 1515037735 0229660746 
2795291038 4068685569 0701575166 2419298724 4482719429 
