3310048548 2445458071 8897633003 2325258215 8128032746 
7962002814 7624318286 2217105435 2898348208 2734516801 
8613171959 3324711074 6622285087 1066611770 3465352839 
5776259977 4467218571 5816126411 1432717943 4788599089 
2808486694 9141390977 1673690027 7758502686 6465405659 
5039486784 1110790116 1040085727 4456293842 5494167594 
6054871172 3594642910 5850909950 2149587931 1219613590 
8315882620 6823321561 5308683373 0838173279 3281969838 
7508708348 3880463884 7844188400 3184712697 4543709373 
2983624028 7519792080 2321878744 8828728437 2737801782 
7008058782 4107493575 1488997891 1739746129 3203510814 
3270325140 9030487462 2629423443 2757126008 6642508333 
1876886507 5642927160 5525289544 9215376517 5149219636 
7181049435 3178583834 5386525565 6640657251 3635750643 
5323650893 6790431702 5978781771 9031486796 3840828810 
2094614900 7971513771 7099061954 9696400708 6766710233 
0048672631 4755105372 3175711432 2317411411 6806228642 
0638890621 0192355223 5467116621 3749969326 9321737043 
1059872250 3945657492 4616978260 9702533594 7502091383 
6673772894 4386964000 2811034402 6084712899 0007468077 
