6484408871 1341352503 3678773167 9770937277 8682166117 
8653442317 3226463784 7697875144 3320953400 0165069213 
0546476890 9850502030 1504488083 4261845208 7305309731 
8949291642 5322933612 4315143065 7826407028 3898409841 
6029503092 4189712097 1601649265 6134134334 2229882790 
9921786042 6798124572 8534580133 8260995877 1781131021 
6734025656 2744007296 8340661984 8067661580 5021691833 
7236803990 2793160642 0436812079 9003162644 4914619021 
9458229690 9921227885 5394878353 8305646864 8816555622 
9431567312 8274390826 4506116289 4280350166 1336697824 
0517701552 1962652272 5455850738 6405852998 3037918035 
0432876703 8092521679 0757120406 1237596327 6856748450 
7915114731 3440001832 5703449209 0971243580 9447900462 
4943134550 2890068064 8704293534 0374360326 2582053579 
0118395649 0893543451 0134296961 7545249573 9606214902 
8872893279 2520696535 3863964432 2538832752 2499605986 
9747598823 2991626354 5973324445 1637553343 7749292899 
0581175786 3555556269 3742691094 7117002165 4117182197 
5051983178 7137106051 0637955585 8890556885 2887989084 
7509157646 3907469361 9881507814 6852621332 5247383765 
