6665573092 5471105578 5376346682 0653109896 5269186205 
6476931257 0586356620 1855810072 9360659876 4861179104 
5334885034 6113657686 7532494416 6803962657 9787718556 
0845529654 1266540853 0614344431 8586769751 4566140680 
0700237877 6591344017 1274947042 0562230538 9945613140 
7112700040 7854733269 9390814546 6464588079 7270826683 
0634328587 8569830523 5808933065 7574067954 5716377525 
4202114955 7615814002 5012622859 4130216471 5509792592 
3099079654 7376125517 6567513575 1782966645 4779174501 
1299614890 3046399471 3296210734 0437518957 3596145890 
1938971311 1790429782 8564750320 3198691514 0287080859 
9048010941 2147221317 9476477726 2241425485 4540332157 
1853061422 8813758504 3063321751 8297986622 3717215916 
0771669254 7487389866 5494945011 4654062843 3663937900 
3976926567 2146385306 7360965712 0918076383 2716641627 
4888800786 9256029022 8472104031 7211860820 4190004229 
6617119637 7921337575 1149595015 6604963186 2947265473 
6425230817 7036751590 6735023507 2835405670 4038674351 
3622224771 5891504953 0984448933 3096340878 0769325993 
9780541934 1447377441 8426312986 0809988868 7413260472 
