4906806987 6916819749 2365624226 0871541761 
0043060890 4377976678 5196618914 0414492527 
0480881971 4988015420 5778700652 1594009289 
7776013307 5684796699 2955433656 1398477380 
6039436889 5887646054 9838714789 6848280538 
4701730871 1177611596 6350503997 9343869339 
1197898871 0915654170 9133082607 6474063057 
1141109883 9388095481 4378284745 2883836807 
9418884342 6662220704 3872288741 3947801017 
7213922819 1199236540 5516395893 4742639538 
2482960903 6900288359 3277458550 6080131798 
8407162446 5639979482 7578365019 5514221551 
3392819782 2698427863 8391679715 0912624105 
4872570092 4070045488 4856929504 4811073808 
7996547481 5689139353 8094347455 6972128919 
8271770207 6661360248 9581468119 1336141212 
5878389557 7357194986 3172108443 9890142394 
8496659251 7313881716 0266326193 1065366535 
0414730708 0441493916 9363262373 7677770958 
5031325599 0095762731 9573086480 4246770121 
2327020533 7426670531 4244820816 8130306397 
3787366424 8367253983 7487690980 6021827857 
8621651273 8563513290 1489035098 8327061725 
8932575363 9939790557 2917516009 7615459044 
7716922658 0631511102 8038436017 3747421524 
71192990156 1091897779 2200870579 3396463827 4906806987 
6916819749 2365624226 0871541761 0043060890 4377976678 
5196618914 0414492527 0480881971 4988015420 5778700652 
1594009289 7776013307 5684796699 2955433656 1398477380 
6039436889 5887646054 9838714789 6848280538 4701730871 
1177611596 6350503997 9343869339 1197898871 0915654170 
9133082607 6474063057 1141109883 9388095481 4378284745 
2883836807 9418884342 6662220704 3872288741 3947801017 
7213922819 1199236540 5516395893 4742639538 2482960903 
6900288359 3277458550 6080131798 8407162446 5639979482 
7578365019 5514221551 3392819782 2698427863 8391679715 
0912624105 4872570092 4070045488 4856929504 4811073808 
7996547481 5689139353 8094347455 6972128919 8271770207 
6661360248 9581468119 1336141212 5878389557 7357194986 
3172108443 9890142394 8496659251 7313881716 0266326193 
1065366535 0414730708 0441493916 9363262373 7677770958 
5031325599 0095762731 9573086480 4246770121 2327020533 
7426670531 4244820816 8130306397 3787366424 8367253983 
7487690980 6021827857 8621651273 8563513290 1489035098 
8327061725 8932575363 9939790557 2917516009 7615459044 
