608515209 9016158582 3125715907 3342173657 
6267142390 4782795872 8150509563 3092802668 
4589376496 4977023297 3641319060 9827406335 
3108979246 4242134583 7409011693 9196425045 
9128813403 4988106354 0088759682 0054408364 
3865166178 8055760895 6896727531 5380819420 
7733259791 7278437625 6611843198 9102500749 
1829086475 1497940031 6070384554 9465385946 
0274524474 6681231468 7943441610 9933389089 
9263841184 7425257044 5725174593 2573898956 
5185716575 9614812660 2031079762 8254165590 
5060424791 1401695790 0338356574 8692528007 
4302562341 9498286467 9144763227 7400552946 
0903940177 5363356554 7193100017 5430047504 
7191448998 4104001586 7946179241 6100164547 
1655133707 4073950260 4427695385 5383439755 
0548871099 7852054011 7516974758 1344926079 
4336895437 8322117245 0687344231 9898788441 
2854206474 2809735625 8070669831 0697993526 
0693392135 6858813912 1480735472 8463227784 
9080870024 6777630360 5551232386 6562951788 
5371967303 4634701222 9395816067 9250915321 
7489030840 8865160611 1901149844 3412350124 
6469280288 0599613428 3511884715 4497712784 
7336176628 5062169778 7177438243 6256571177 
947716922658 0631511102 8038436017 3747421524 7608515209 
9016158582 3125715907 3342173657 6267142390 4782795872 
8150509563 3092802668 4589376496 4977023297 3641319060 
9827406335 3108979246 4242134583 7409011693 9196425045 
9128813403 4988106354 0088759682 0054408364 3865166178 
8055760895 6896727531 5380819420 7733259791 7278437625 
6611843198 9102500749 1829086475 1497940031 6070384554 
9465385946 0274524474 6681231468 7943441610 9933389089 
9263841184 7425257044 5725174593 2573898956 5185716575 
9614812660 2031079762 8254165590 5060424791 1401695790 
0338356574 8692528007 4302562341 9498286467 9144763227 
7400552946 0903940177 5363356554 7193100017 5430047504 
7191448998 4104001586 7946179241 6100164547 1655133707 
4073950260 4427695385 5383439755 0548871099 7852054011 
7516974758 1344926079 4336895437 8322117245 0687344231 
9898788441 2854206474 2809735625 8070669831 0697993526 
0693392135 6858813912 1480735472 8463227784 9080870024 
6777630360 5551232386 6562951788 5371967303 4634701222 
9395816067 9250915321 7489030840 8865160611 1901149844 
3412350124 6469280288 0599613428 3511884715 4497712784 
