50064477 7183702219 9910669502 1656757644 
0449979407 6503799995 4845002710 6659878136 
0380231412 6836905783 1904607927 6529727769 
4043613023 0517870805 4651154246 9395265127 
1010529270 7030667302 4447125973 9399505146 
2840476743 1363739978 2591845411 7641332790 
6460636584 1529270190 3027601733 9474866960 
3486949765 4175242930 6040727005 0590395031 
4852292139 2575594845 0788679779 2525393176 
5156416197 1684435243 6979444735 5964260633 
3910551268 2606159572 6217036698 5064732812 
6672452198 9060549880 2807828814 2979633669 
6744124805 9821921463 3956574572 2102298677 
5997467381 2606936706 9134081559 4120161159 
6019023775 3525556300 6062479832 6124988128 
8192937343 4768626892 1923977783 3910733106 
5882568137 7717232831 5329082525 0927330478 
5072497713 9448333892 5520811756 0845296659 
0553940965 5685417060 0117985729 3813998258 
3192936791 0039184409 9286575605 9935989100 
0296986446 0974714718 4701015312 8376263114 
6774209145 5740418159 0880006494 3237855839 
3085308283 0547607679 9524357391 6312218860 
5754967383 2243195650 6554608528 8120190236 
3644712703 7486344217 2725787950 3428486312 
9447336176628 5062169778 7177438243 6256571177 9450064477 
7183702219 9910669502 1656757644 0449979407 6503799995 
4845002710 6659878136 0380231412 6836905783 1904607927 
6529727769 4043613023 0517870805 4651154246 9395265127 
1010529270 7030667302 4447125973 9399505146 2840476743 
1363739978 2591845411 7641332790 6460636584 1529270190 
3027601733 9474866960 3486949765 4175242930 6040727005 
0590395031 4852292139 2575594845 0788679779 2525393176 
5156416197 1684435243 6979444735 5964260633 3910551268 
2606159572 6217036698 5064732812 6672452198 9060549880 
2807828814 2979633669 6744124805 9821921463 3956574572 
2102298677 5997467381 2606936706 9134081559 4120161159 
6019023775 3525556300 6062479832 6124988128 8192937343 
4768626892 1923977783 3910733106 5882568137 7717232831 
5329082525 0927330478 5072497713 9448333892 5520811756 
0845296659 0553940965 5685417060 0117985729 3813998258 
3192936791 0039184409 9286575605 9935989100 0296986446 
0974714718 4701015312 8376263114 6774209145 5740418159 
0880006494 3237855839 3085308283 0547607679 9524357391 
6312218860 5754967383 2243195650 6554608528 8120190236 
