9163184 7534753143 5041392096 1087960577 
3098720135 2484075057 6371992536 5047090858 
2513936863 4638633680 4289176710 7602111159 
83644712703 7486344217 2725787950 3428486312 9449163184 
7534753143 5041392096 1087960577 3098720135 2484075057 
6371992536 5047090858 2513936863 4638633680 4289176710 
7602111159 8288755399 4012007601 3947033661 7937153963 
0613986365 5492213741 5979051190 8358829009 7656647300 
7338793146 7891318146 5109316761 5758213514 2486044229 
2445304113 1606527009 7433008849 9034675405 5186406773 
4260358340 9608605533 7473627609 3565885310 9760994238 
3473822220 8729246449 7684560579 5625167655 7408841032 
1731345627 7358560523 5823638953 2038534024 8422733716 
3912397321 5995440828 4216666360 2329654569 4703577184 
8734420342 2770665383 7387506169 2127680157 6618109542 
0097708363 6043611105 9240911788 9540338021 4265239489 
2968643980 8926114635 4145715351 9434285072 1353453018 
3158756282 7573389826 8898523557 7992957276 4522939156 
7477566676 0510878876 4845349363 6068278050 5646228135 
9888587925 9940946446 0417052044 7004631513 7975431737 
1877560398 1596264750 1410906658 8661621800 3826698996 
1965580587 2086397211 7699521946 6789857011 7983324406 
0181157565 8074284182 9106151939 1763005919 4314434605 
