1540477105 7005433900 0182453117 7337189558 5760360718 
2860506356 4799790041 3976180895 5363669603 1621931132 
5022385179 1672055180 6592635180 3625121457 5926238369 
3482226658 9557699466 0491938112 4866090997 9812857182 
3494006615 5521961122 0720309227 7646200999 3152442735 
8948871057 6623894693 8894464950 9396033045 4340842102 
4624010487 2332875008 1749179875 5438793873 8143989423 
8011762700 8371960530 9438394006 3756116458 5609431295 
1759771393 5396074322 7924892212 6704580818 3313764165 
8182695621 0587289244 7740035947 0092686626 5965142205 
0630078592 0024882918 6083974373 2353849083 9643261470 
0053242354 0647042089 4992102504 0472678105 9083644007 
4663800208 7012666420 9457181702 9467522785 4007450855 
2377720890 5816839184 4659282941 7018288233 0149715542 
3523591177 4818628592 9676050482 0386434310 8779562892 
9254056389 4662194826 8711042828 1638939757 1175778691 
5430165058 6029652174 5958198887 8680408110 3284327398 
6719862130 6205559855 2660364050 4628215230 6154594474 
4899088390 8199973874 7452969810 7762014871 3400012253 
5522246695 4093152131 1533791579 8026979555 7105085074 
