7387475075 8068765376 4457825244 3263804614 3042889235 
9348529610 5826938210 3498000405 2484070844 0356116781 
7170512813 3788057056 4345061611 9330424440 7982603779 
5119854869 4559152051 9600930412 7100727784 9301555038 
8953603382 6192934379 7081874320 9499141595 9339636811 
0627557295 2780042548 6306005452 3839151068 9989135788 
2001941178 6535682149 1185282078 5213012551 8518493711 
5034221595 4224451190 0207393539 6274002081 1046553020 
7932867254 7405436527 1759589350 0716336076 3216147258 
1540764205 3020045340 1835723382 9266191530 8354095120 
2263291650 5442612361 9197051613 8393573266 9376015691 
4429944943 7448568097 7569630312 9588719161 1292946818 
8493633864 7392747601 2269641588 4890096571 7086160598 
1472044674 2866420876 5334799858 2220906198 0217321161 
4230419477 7549907387 3856794118 9824660913 0916917722 
7420723336 7635032678 3405863019 3019324299 6397204445 
1792881228 5447821195 3530898910 1253429755 2472763573 
0226281382 0918074397 4867145359 0778633530 1608215599 
1131414420 5091447293 5350222308 1719366350 9346865858 
6563148555 7586244781 8620108711 8897606529 6989926932 
