8178705576 4351433820 6014107732 9261063431 5253371822 
4338526352 0217735440 7152818981 3769875515 7574546939 
7271504884 6979361950 0477720970 5617939138 2898984532 
7426227288 6471088832 7017372325 8818244658 4362495805 
9256033810 5215606206 1557132991 5608489206 4340303395 
2622634514 5428367869 8288074251 4225674518 0618414956 
4686111635 4049718976 8215422772 2479474033 5715274368 
1940989205 0113653400 1238467142 9655186734 4153741615 
0425632567 1343024765 5125219218 0357801692 4032669954 
1746087592 4092070046 6934039651 0178134857 8356944407 
6047023254 0755557764 7284507518 2689041829 3966113310 
1601311190 7739863246 2778219023 6506603740 4160672496 
2490137433 2172464540 9741299557 0529142438 2080760983 
6482346597 3886691349 9197840131 0801558134 3979194852 
8304367390 1248208244 4814128095 4437738983 2005986490 
9159505322 8579145768 8496257866 5885999179 8675205545 
5809900455 6461178755 2493701245 5321717019 4282884617 
4027366499 7847550829 4228020232 9012216301 0230977215 
1569446427 9098021908 2668986883 4263071609 2079140851 
9769523555 3488657743 4252775311 9724743087 3043619511 
