3961190800 3025587838 7644206085 0447306312 9927788894 
2729189727 1698905759 2524467966 0189707482 9609491906 
4876469370 2750773866 4323919190 4225429023 5318923377 
2931667360 8699622803 2557185308 9192844038 0507103006 
4776847863 2431910002 2392978525 5372375566 2136447400 
9676053943 9838235764 6069924652 6008909062 4105904215 
4539279044 1152958034 5334500256 2441010063 5953003959 
8864466169 5956263518 7806068851 3723462707 9973272331 
3469397145 6285542615 4676506324 6567662027 9245208581 
3477176085 2169134094 6520307673 3918411475 0414016892 
4121319826 8815686645 6148538028 7539331160 2322925556 
1894104299 5335640095 7864953409 3511526645 4024418775 
9493169305 6044868642 0862757201 1723195264 0502309977 
4567647838 4889734643 1721598062 6787671838 0052476968 
8408498918 5086149003 4324034767 4268624595 2395890358 
5821350064 5099817824 4636087317 7543788596 7767291952 
6111213859 1947254514 0030118050 3437875277 6644027626 
1894101757 6872680428 1766238606 8047788524 2887430259 
1452470739 5054652513 5339459598 7896197789 1104189029 
2943818567 2050709646 0626354173 2944649576 6126519534 
