9570186001 5412623962 2864138977 9673332907 0567376962 
1564981845 0684226369 0367849555 9700260798 6799626101 
9039331263 7685569687 6702929537 1162528005 5431007864 
0872893922 5714512481 1357786276 6490242516 1990277471 
0903359333 0930494838 0597856628 8447874414 6984149906 
7123764789 5822632949 0467981208 9984857163 5710878311 
9184863025 4501620929 8058292083 3481363840 5421720056 
1219893536 6937133673 3392464416 1252231969 4347120641 
7375491216 3570085736 9439730597 9709719726 6666422674 
3111776217 6403068681 3103518991 1227133972 4036887000 
9968629225 4646500638 5288620393 8005047782 7691283560 
3372548255 7939129852 5150682996 9107754257 6474883253 
4141213280 0626717094 0090982235 2965795799 7803018282 
4284902214 7074811112 4018607613 4151503875 6983091865 
2780658896 6823625239 3784527263 4530420418 8025084423 
6319038331 8384550522 3679923577 5292910692 5043261446 
9501098610 8889991465 8551881873 5825281643 0252093928 
5258077969 7376208456 3748211443 3988162710 0317031513 
3440230952 6351929588 6806908213 5585368016 1000213740 
8511544849 1268584126 8695899174 1491338205 7849280069 
