8255195740 2018181056 4129725083 6070356851 0553317878 
4082900004 1552511865 7794539633 1753853209 2149720526 
6078312602 8196116485 8098684587 5251299974 0409279768 
3176639914 6553861089 3758795221 4971731728 1315179329 
0443112181 5871023518 7407572221 0012376872 1944747209 
3493123241 0706508061 8562372526 7325407333 2487575448 
2967573450 0193219021 9911996079 7989373383 6732425761 
0393898534 9278777473 9805080800 1554476406 1053522202 
3254094435 6771879456 5430406735 8964910176 1077594836 
4540823486 1302547184 7648518957 5836674399 7915085128 
5802060782 0554462991 7232020282 2291488695 9399729974 
2974711553 7185892423 8493855858 5954074381 0488262464 
8788053304 2714630119 4158989632 8792678327 3224561038 
5219701113 0466587100 5000832851 7731177648 9735230926 
6612345888 7310288351 5626446023 6719966445 5472760831 
0118788389 1511493409 3934475007 3025855814 7561908813 
9875235781 2331342279 8665035227 2536717123 0756861045 
0045489703 6007956982 7626392344 1071465848 9578024140 
8158405229 5369374997 1066559489 4459246286 6199635563 
5065262340 5339439142 1112718106 9105229002 4657423604 
