1569516239 6586457302 1631598193 1951673538 1297416772 
9478672422 9246543668 0098067692 8238280689 9640048243 
5403701416 3149658979 4092432378 9690706977 9422362508 
2216889573 8379862300 1593776471 6512289357 8601588161 
7557829735 2334460428 1512627203 7343146531 9777741603 
1990665541 8763979293 3441952154 1341899485 4447345673 
8316249934 1913181480 9277771038 6387734317 7207545654 
5322077709 2120190516 6096280490 9263601975 9882816133 
2316663652 8619326686 3360627356 7630354477 6280350450 
7772355471 0585954870 2790814356 2401451718 0624643626 
7945612753 1813407833 0336254232 7839449753 8243720583 
5311477119 9260638133 4677687969 5970309833 9130771098 
7040859133 7464144282 2772634659 4704745878 4778720192 
7715280731 7679077071 5721344473 0605700733 4924369311 
3835049316 3128404251 2192565179 8069411352 8013147013 
0478164378 8518529092 8545201165 8393419656 2134914341 
5956258658 6557055269 0496520985 8033850722 4264829397 
2858478316 3057777560 6888764462 4824685792 6039535277 
3480304802 9005876075 8251047470 9164396136 2676044925 
6274204208 3208566119 0625454337 2131535958 4506877246 
