1300936918 8925586578 4668461215 6795542566 0541600507 
1276641766 0568742742 0032957716 0643448606 2012398216 
9827172319 7826816628 2499387149 9544913730 2051843669 
0767235774 0005393266 2622760323 6597517189 2590180110 
4290384274 1855078948 8743883270 3063283279 9630072006 
9801224436 5116394086 9222207453 2024462412 1155804354 
5420642151 2158505689 6157356414 3130688834 4318528085 
3975927734 4336553841 8834030351 7822946253 7020157821 
5737326552 3185763554 0989540332 3638231921 9892171177 
4494694036 7829618592 0803403867 5758341115 1882417743 
9145077366 3840718804 8935825686 8542011645 0313576333 
5550944031 9236720348 6510105610 4987272647 2131986543 
4354504091 3185951314 5181276437 3104389725 0700498198 
7052176272 4940652146 1995923214 2314439776 5467083517 
1474936798 6186552791 7158240806 5106379950 0184295938 
7991583501 7158075988 3784962257 3985121298 1032637937 
6218322456 5942366853 7679911314 0108043139 7323354490 
9082491049 9143325843 2988210339 8469814171 5756010829 
7065830652 1134707680 3680695322 9719905999 0445120908 
7275776225 3510409023 9288877942 4630483280 3191327104 
