9547859918 0196967835 3214644411 8926063152 6618167443 
1935508170 8187547705 0802654025 2941092182 6485821385 
7526688155 5841131985 6002213515 8887210365 6960875150 
6318753300 2942118682 2218937755 4602722729 1290504292 
2597877106 6787384000 0616772154 6384412923 7119352182 
8499824350 9208918016 8557279815 6421858191 1974909857 
3057033266 7646460728 7574305653 7260276898 2373259745 
0844796495 4564803077 1598153955 8277791393 7360171742 
2996027353 1027687194 4944491793 9785144631 5973144353 
5185049141 3941557329 3820485421 2350817391 2549749819 
3087143966 1513294204 5919380106 2314217741 9918406018 
0347949887 6910515579 0555480695 3878540066 4533759818 
6284641990 5220452803 3062636956 2649091082 7627115903 
8569950512 4652999606 2855443838 3303276385 9980079292 
2846659503 5512112452 8408751622 9060262011 8577753137 
4794936205 5496401073 0013488531 5073548735 3905602908 
9335264007 1327473262 1960311773 4339436733 8575912450 
8149335736 9116645412 8178817145 4023054750 6671365182 
5828489809 9512139193 9956332413 3655677709 8003081910 
2720409971 4868741813 4667006094 0510214626 9028044915 
