9646545330 1077546954 1308871416 5312544813 0611924078 
2118869005 6027781824 2350226961 8934435254 7633573536 
4856193632 5441775661 3981703930 6328721669 0572225974 
5209192917 2621998444 0964615826 9456380239 5028371216 
8644656178 5235565164 1277128269 1868861557 2716201474 
9340522769 4659571219 8314943381 6221140069 3630743044 
4173284786 1017777438 3797703723 1795255434 1072234455 
1255558999 8646183876 7649039724 6116795901 8100035098 
9286412041 9516355110 8763204267 6129798265 2942588295 
1141275841 2627327907 9880755975 1851576841 2647422094 
7972184330 9352972665 2100156625 1455299474 5127631550 
9176367302 5946213293 0190402837 9542463232 5855030109 
6706922720 2270748634 1900543830 2650681214 1421350571 
5417505750 8639907673 9463351462 0908288893 4938376439 
3992569006 0406731142 2093312195 9362029829 7235116325 
9386772241 4779116295 7278075239 5056251581 6031333593 
8231150051 8626890530 6583681299 8810866326 3271980611 
2715488587 9809348791 2913707498 2305759290 9186293919 
5014721197 5860672700 9254771802 5750337730 7993971345 
3953264619 5269996596 3856549175 9045833358 5799102012 
