7132045839 0320085387 8881633637 6851820837 2788513117 
5227769609 7879621423 7216254521 4591281831 7982160441 
1131167140 6914827170 9810154577 8193920231 1563871950 
8050246797 2579249760 5772625913 3285597263 7121120190 
5720771409 1486450740 9492671803 5815157571 5140503976 
1096384675 5569298970 3835473141 0022380258 3468767350 
1297754132 7953206097 1154506484 2121859364 9099791776 
6874774481 8828706323 1551586503 2898164228 2882327468 
6610659273 2197907162 3846421534 8985247621 6789050260 
9980452664 8392954235 7287343977 6804957740 9144953839 
1575565485 4590589764 9519851380 1007958010 7837599457 
7529919670 0547602252 5520344539 8871253878 0171960718 
1640781248 4784725791 2407824544 3616823452 3957068951 
4272269750 4318736332 6301110305 3423335821 6093331912 
1880660826 8341428910 4151732472 1605335584 9993224548 
7307788229 0525232423 4861531520 9769384610 4258284971 
4963475341 8375620030 1491570327 9685301868 6315724884 
0152663983 5689563634 6574353217 8349319982 5542117308 
4677452970 8583950761 6458229630 3244243282 3773745051 
7028560698 0678895217 6819815671 0781633405 2667595394 
