2492628075 6968326107 4953233905 3622309080 7081455919 
8373553777 4874202903 9018142937 3115293346 4446815121 
2945097596 5343062842 1531944572 7118614900 0176505581 
7709530246 8875263250 1197052094 7615941676 8727784472 
0001927891 3725184162 2857783792 2844390843 0118112149 
6366424659 0336341945 4065718354 4771912446 6212593926 
5662030688 8520055599 1212353637 1822692253 1781458792 
5937504414 4893398160 8657900876 1650246351 9704582889 
5481793756 6810464746 1410514249 8870252139 9368705093 
7230544773 4112641354 8928068410 5910771667 7821238332 
8102621855 8775131272 1179344448 2014404257 4508306394 
4738363793 9062830089 7330624138 0614589414 2276947479 
3166571762 3182472168 3506780764 8757342049 1557628217 
5839729751 3447899069 6589532548 9403356156 1316740327 
6472469212 5057591162 5152965456 8544633498 1143176702 
5729566184 4775487469 3784642337 3723898192 0662048511 
8943788682 2480727935 2022501796 5453437572 7416391079 
1972952950 8129429222 0534771730 4184477915 6739917384 
1831171036 2524395716 1527146690 0581470000 2633010452 
6435478659 0329073320 5468338872 0787354447 6264792529 
