7690170912 0078741837 3673508771 3376977683 4963442524 
1994995138 8315074877 5374338494 5825976556 0996555954 
3180409201 7849718468 5497370696 2120885243 7701385375 
7681416632 7224126344 2398215294 1645378000 4925072627 
6515078908 5071265997 0367087266 9276430837 7229685985 
1691223050 3746274431 0852934305 2730788652 8397733524 
6017463527 7032059381 7912539691 5621063637 6258829375 
7137384075 4406468964 7831007045 8061344673 1271591194 
6084359358 2598778283 5266531151 0650416232 9532904777 
2174083559 3497237585 5213804830 5090009646 6760883015 
4061282430 8740645594 4318534137 5522016630 5812111033 
4531207450 8682433943 2159043594 4303124312 2747138584 
2030390106 0709403152 3555617276 7994160020 3939750998 
9762933532 5855575624 8089966918 2986422267 7502360193 
2579747267 4257821111 9734709402 3574572222 7121252685 
2384295874 2735015636 6009318804 5493338989 7415714905 
4418255973 8080871565 2814301026 7046028431 6819230392 
5352977957 6586241439 2701549740 8792731310 5163611913 
7577008929 5648233236 4829826302 4607975875 7677453771 
6010249080 4624301856 5241617566 5560016085 9121534556 
