2676021926 8998285537 7872583145 1440826545 8348440947 
8463178777 3747946535 8016996077 9405568701 1923286080 
4113090462 9350871827 1259346687 1276669487 3899824598 
5277864995 6916546402 9458935064 9643358098 2476596516 
5142090986 7552038083 0920323048 7342703468 2887516040 
7154665383 4619611223 0137594515 7925269674 3642531927 
3900360386 0823645076 2698827497 6187235754 7676288995 
0752114804 8525279508 4503395857 0838130476 9378813211 
2367428131 9487950228 0663201700 2246033198 9671970649 
1637411758 5485187848 4012054844 6725888514 0156272501 
9821719066 9608126277 8548596481 8369621410 7217142149 
8636191877 4754509650 3089570994 7093433785 6981674465 
8282679119 4061195603 7845397855 8392407612 7634410576 
6751024307 5598145527 8616781594 9657062559 7550743065 
2108530159 7908073343 7360794328 6675789053 3483669555 
4868039134 3372015649 8834220893 3999716414 7974693869 
6905480089 1930671380 5717150585 7307148815 6499207140 
8675825960 2876056459 7824237702 4246980532 8056632787 
0419267684 6711626687 9463486950 4645074202 1937394525 
9262668613 5529406247 8136120620 2636498199 9994984051 
