4386828525 8956342264 3287076632 9930489172 3400725471 
7641886853 5137233266 7877921738 3475414800 2280339299 
7357936152 4127558295 6927683723 1234798989 4462743304 
5456679006 2032420516 3962825884 4308543830 7201495672 
1064605332 3853720314 3242112607 4244858450 9458049408 
1820927639 1400085404 2202355626 0218564348 9941454399 
5041098059 1817948882 6280520664 4108631900 1688568155 
1692294862 0301073889 7181007709 2905904807 4909242714 
1018933542 8184299959 8816966099 3836961644 3815288772 
1408526808 8757488293 2587358099 0567075581 7017949161 
9061140019 0855374488 2726200936 6856044755 9655747648 
5674008177 3817033073 8030547697 3609786543 8593821872 
2058390234 4443508867 4998665060 4064587434 6005331827 
4362961778 6251808189 3144363251 2051070946 9081358644 
0519229512 9324500788 3339878842 9339342435 1263433652 
0438581291 2834345297 3086529097 8330067126 1798130316 
7943855357 2629699874 0359570458 4522308563 9009891317 
9475948752 1263970783 7594486113 9451960286 7512105616 
3897600888 0092746115 8608002078 0334159145 1797073036 
8351969777 6607637378 5333012024 1201120469 8860920933 
