9085365773 2223924124 4905153278 0950955866 4594776344 
8226998607 4813297302 6309750288 1210351772 3124465095 
3496536930 9001863776 4094094349 8373132513 2186208021 
4809922685 5029484546 6181471555 7444709669 5301776904 
3427203189 2770604717 7845279391 6047228153 4379803539 
6798614243 7095668322 1491465438 0145938292 7739339603 
2754048009 5522318166 6738035718 3932757077 1420467238 
3862461780 3976292377 1312095807 8936384144 7929802588 
0655221292 6209362393 0637313496 6401866195 1081158347 
1173312025 8058667276 3999276357 9078063818 8130691563 
6627412543 1259589936 1196476261 0140556350 3399523140 
3231138196 5623632719 8961837254 8453337020 6256346422 
3952766943 5683767613 6871196292 1818754576 0816170530 
3159072882 8700712313 6663087227 5491866139 5773730546 
0659974378 1098764980 2414011242 1427736680 8275139095 
9313404155 8262667895 1084677611 8665957660 1659981780 
8941498575 4976284387 8561002637 9654317831 3634025135 
8141611519 0209649913 3548733131 1150227006 8193013592 
9595971640 1971960536 2503355847 9980963488 7180391116 
1281359596 8565478868 3258564378 9617315976 2002419621 
