5528962979 0481982219 9462269487 1374624447 2909345647 
0028537694 9588595916 0678928249 1054412515 9963007813 
6836749020 9374915732 8962700286 5682934443 1342347351 
2392982591 6673950342 5995868970 6972673325 8273590312 
1288746660 4514614878 5034614282 7765991608 0903986525 
7571726308 1833494441 8201935333 8507129234 5774375579 
3440621787 1133006310 6003324053 9916936826 0374617663 
8565758877 5802012293 6635327026 7100681261 8251729146 
0820254189 2885935244 4910701382 0621155382 7793565296 
9145765020 4864328286 5557934707 2096348073 7269214118 
6895467322 7677513356 9019015372 3669036865 3891612916 
8888787640 7525493494 2497334271 8117889275 9931596719 
3547589880 9792452526 2363659036 3200708544 4078454479 
7348291802 0820449266 7063442043 7555325050 5275228337 
7888704080 4033531923 4076856301 0934777212 5639088640 
4131010738 1785333831 6038135280 8281190408 3256440184 
2053746792 9926220376 9871801806 1122624490 9092426419 
8582086175 1177113789 0516091403 8157500336 6424156095 
2163281971 2233502316 7422600567 9412814062 1721964184 
2705784328 9598028823 3505982820 8196666249 0358577899 
