0290161876 6795240616 3425225771 9542916299 1930645537 
7991403734 0432875262 8889639958 7947572917 4642635745 
5254079091 4513571113 6941091193 9325191076 0208252026 
1879853188 7705842972 5916778131 4969900901 9211697173 
7278476847 2686084900 3377024242 9165130050 0516832336 
4350389517 0298939223 3451722013 8128069650 1178440874 
5196012122 8599371623 1301711444 8464090389 0644954440 
0619869075 4851602632 7505298349 1874078668 0881833851 
0228334508 5048608250 3930213321 9715518430 6354550076 
6828294930 4137765527 9397517546 1395398468 3393638304 
7461199665 3858153842 0568533862 1867252334 0283087112 
3282789212 5077126294 6322956398 9898935821 1674562701 
0218356462 2013496715 1881909730 3811980049 7340723961 
0368540664 3193950979 0190699639 5524530054 5058068550 
1956730229 2191393391 8568034490 3982059551 0022635353 
6192041994 7455385938 1023439554 4959778377 9023742161 
7271117236 4343543947 8221818528 6240851400 6660443325 
8885698670 5431547069 6574745855 0332323342 1073015459 
4051655379 0686627333 7995851156 2578432298 8273723198 
9875714159 5781119635 8330059408 7306812160 2876496286 
