4033315227 4817776952 8436816300 8853176969 4783690580 
6710648280 8359804669 8841098135 1586549069 3331952239 
4363287923 9905348109 8783027450 0172065433 6990661177 
8455436468 7723631844 4647680691 4282800455 1074686645 
3928053994 0910875493 9166095731 6197150331 6696830992 
9466349142 7987808422 5722069714 8875580637 4803088629 
9511847318 7124777291 9100702275 8889348693 9456289515 
8029653721 5040960310 7761289831 2635899648 9341024703 
6036645058 6872875890 5140684123 8124247386 3854279082 
8273382797 3326885504 9358743031 6027474906 3129572349 
7426112215 1741715313 3618622410 9138695006 8883589896 
2349276317 3164783400 7746088665 5598733382 1138299287 
7691149549 2184192087 7716060684 7287467368 1886167507 
2210172611 0383067178 7856694812 9487850489 4306308616 
9948798703 1605158841 0828235127 4153538513 3658953329 
4862949449 5061868514 7791058046 9603906937 2662670386 
5129052011 3781085861 6188886947 9576074135 8553458515 
1768051973 3344334952 3012039577 0739623771 3160302428 
8720053732 0998253008 9776189731 2981788194 4671731160 
6472314762 4845755192 8732782825 1271824468 0782421521 
