6469567819 2940982389 2628494376 0248852279 0036202193 
8669648221 5628093605 3731780408 6372726842 6696421929 
9468192149 0870170753 3361094791 3818040632 8738759384 
8269535583 0773957614 4799727000 3472880182 7852813895 
0321798634 5216111066 6088393140 5322694490 5455527867 
8944175792 0244002145 0780192099 8044613825 4780585804 
8442416404 7750315360 5490659143 0078158372 4301231375 
1156228401 5838644270 8907182848 1675752712 3846782459 
5343344496 2201009607 1051370608 4618011875 4312072549 
1334994247 6171156333 2140893460 9156561550 6003173842 
1870157022 6103101916 6038870646 6143889773 6318780940 
7115275281 7468957640 1581047016 9652475577 4089164456 
8677717158 5005832699 4340167720 2156767724 0681283665 
6526412298 2439465133 1973591997 0940327593 8502669557 
4702318132 0324371642 0586141033 6065245369 3916005064 
4953060161 2678226489 4243739716 6717661231 0489750318 
8573216555 4988342121 8028469125 2908610148 5527815277 
6256237504 5637576949 7734336846 0156077270 3550962904 
9392487088 4062810679 4362241870 4747008368 8426710225 
5830240359 9841645951 1224852726 3363264511 4017395248 
