0861946358 4078375355 6885622317 1155209472 2306543709 
2606797351 0005655493 8122457548 3728545711 7973936157 
5616764169 2895805257 2975223385 5861138832 2171107362 
2658162188 4244317885 7488798109 0266537934 2666421699 
0914056536 4322493013 3486798815 4886628665 0523469972 
3557473842 4830590423 6771432787 9231642240 3877764330 
1926001922 8477831383 7632536121 0253369358 1262408686 
6699738275 9773656822 2790721583 2478888642 3693463961 
6436330873 0139814211 4303060087 3066616480 3678984091 
3359262934 0230432497 4926887831 6436026810 1130957071 
6141912830 6865773235 3263965367 7390317661 3613159655 
5358499939 8600565155 9219367599 7771793301 9744688148 
3711032065 0369319289 4521402650 9154651843 0993655349 
3337183425 2984336799 1593941746 6223900389 5276738133 
3061774762 9574943868 7169784537 6721949350 6590875711 
9177208754 7710718993 7960894774 5126547575 0187119487 
0738736785 8902006173 7332107569 3302216320 6284320656 
7119209695 0585761173 9616323262 1770894542 6214609858 
4102378132 1581772760 2222738133 4954104810 0307327510 
7799948991 9779638835 3073444345 7532975914 2637684054 
