4226478421 6063122769 6469671564 7399904371 5903323906 
5607266441 1643860540 4838847161 9121090087 0101913072 
6071044114 1432419767 9682854788 5524779476 4818029597 
3604943970 0479596040 2927462992 0357209976 1950140348 
3153809477 1460105633 3446998820 8221205872 8151072918 
2971211917 8764248803 5467231691 6541852256 7292344291 
8712816323 2596965413 5485895771 3320833991 1288775917 
2261152733 7901034136 2085614577 9923987783 2508355073 
0199818459 0259583559 8926055329 9673770491 7224549353 
2968330000 2230181517 2265757875 2405883224 9085821280 
0897479093 2610076257 8770428656 0069961762 1217684547 
8996440705 0662417102 1332748679 6237430229 1553582007 
8014116534 8065647488 2306150033 9206898379 4766255036 
5498228053 2966286211 7930628430 1704924023 0198571997 
8948836897 1830438051 8217441914 7660429752 4372516834 
3541121703 8631379411 4220952958 8579806015 2938752753 
7990309388 7168357209 5760715221 9002793792 9278630363 
7268765822 6812419933 8480816602 1603722154 7101430073 
7753779269 9069587121 2892880190 5203160128 5861825494 
4133538207 8488346531 1632650407 6424283908 7012101519 
