4231961652 2684220037 1123046430 0673442064 7477180213 
5307012409 8860353399 1526679238 7110170622 1865883573 
7812109351 7977560442 5634694999 7872511254 4085452227 
4810914874 3072598696 0204027594 1178942581 2818821599 
5235965897 9181144077 6533543217 5759525553 6158128001 
1638467203 1934650729 6807990793 9637149617 7431211940 
2021297573 1251652537 6801735910 1557338153 7720019524 
4454362007 1848475663 4154074423 2862106099 7613243487 
5488474345 3966598133 8717466093 0205350702 7195298394 
3271425371 1557666000 2578442303 1073429551 5339450604 
8622276496 6687624079 3243531929 9263925373 1076892135 
3525723210 8088981933 9168668278 9482811704 7262450194 
8409700975 7609209837 2409007471 7973340788 1418251958 
4259809624 1747610138 2526439551 3525931188 5045636264 
1883003385 3965243599 7416931322 8947198783 0842760040 
1368074703 9040972384 7394583489 6186539790 5941185993 
1035616843 6869219485 3820557803 9577388136 0679549900 
0851232594 4252972448 6666766834 6414021899 1594456530 
9423440650 6678519484 1776677947 0472041958 8220432953 
8032631053 7494883122 1803912796 7844610013 9726753892 
