1951191178 3658766252 8083690053 2490045974 1094706877 
2912328214 3046353372 8351995364 8274325833 1191444590 
1780960778 2883583730 1118575436 5995898272 4531925310 
5881150263 0754257149 3943024453 9318701799 2360816661 
1305426253 9958338979 4297160207 0338767815 0330102801 
2009599725 2222280801 4235710947 6035192554 4434929986 
7678178910 4555906301 5953809761 8759203589 3734197896 
2358931125 9839025983 1026719330 4189215109 6891562250 
6965911982 8323455503 0590817307 3519550372 1665870288 
0539921385 7603703537 7105178021 2801295668 4198414036 
2872725623 2144287543 0221090947 2721073474 1349755141 
9073704331 8276626177 2759968888 2602722524 7133683353 
4528166927 7959132886 1381766349 8577289369 0096574956 
2287103024 3625907724 1221909430 0871755692 6257580657 
0991201665 9622436080 2428700245 4736203639 4841255954 
8817272724 7365346778 3647201918 3039987176 2703751572 
4649922289 4679323226 9361917764 1614618795 6139566995 
6778306829 0316589699 4307673335 0823499079 0624100202 
5061340573 4430069574 5474682175 6904416515 4063658468 
0463692621 2742110753 9904218871 6127617787 0142588648 
