2577522388 9184599523 3762923779 1558574454 9477361295 
5259522265 7863646211 8377598473 7003479714 0820699414 
5580719080 2135907322 6923310083 1759510659 0191212947 
9540860364 0757358750 2058902087 0457967000 7055262505 
8114206639 0745921527 3309406823 6494415908 9100922029 
6680523325 2661989113 1184201629 1631076894 0847235643 
6680818216 8657219688 2683584027 8550078280 4043453710 
1836510969 5178233574 3030504852 6537380735 3107418591 
7705610397 3950626403 5544227515 6101107261 7793706347 
2380499066 6922161971 1942591204 4508464174 6383589938 
2399465173 9550900085 9479990136 0266742614 9429006646 
7115067175 4221770387 7450767356 3742154782 9059110126 
1915755587 0238957001 4051178226 4698994491 7908301795 
4758767601 6809410013 5837613578 5913569244 5564776446 
4178667115 3919513576 9610486492 2490083446 7154863830 
5447791433 0097680486 8783481846 7273375843 6892724310 
4474068076 8527862558 5165092088 2638132336 2314873333 
6714764520 4508766276 1495038994 9504809560 4609896043 
2912335834 8859990294 5264002849 9428087862 4039811814 
8847673012 1675416110 6629995553 6681931232 8742570206 
