3738352020 0868636913 1173346973 1741219153 6332467453 
2563087134 7302792174 9562270146 8732586789 1734558379 
9643513588 0095935087 7556356248 8104938529 9900767513 
5513527792 4124292774 8856588856 6513247302 5147102105 
7535251651 1814850902 7504768455 1825209633 1899068527 
6144351382 1366215236 8890578786 6994322888 1602837748 
2035506016 0298940091 1971385017 9871683633 7441392759 
7364401700 7014763706 6557035043 3812111357 6415018451 
8214136198 2349515960 1064752712 5759351853 0433287553 
7783057509 5674254426 8471221961 8709178560 7839361445 
1138333564 9103256405 7338986671 7812397223 7519316430 
6170138595 3947436784 3392670986 7124522111 8969084023 
6327411496 6012434830 9892994173 8030588417 1666130730 
4006758838 0432111555 3794406054 9772170594 2821514886 
1656727712 4090338772 7745629097 1101348851 8437411869 
5655449745 7368452180 6698291104 5058004299 8879538990 
2780438359 6282409421 8605562877 8842880212 7553884803 
7286400194 4161425749 9904272009 5952046541 7059810498 
9967504511 9364711727 7222043610 2614079750 8096869751 
7660023718 7748348016 1203102346 8056711264 4766123747 
