6278521902 4120256994 3534716226 6608936752 1983311181 
3511146503 8548950251 2065577263 6145473604 4268594980 
7439693233 1297127377 1573470997 1395229118 2653485155 
5871373366 2912024271 4302503763 2695013509 1161295299 
3785864681 3072264860 0827088133 3538193703 6825988678 
9332123832 7053297625 8573827900 9782646054 5598555131 
8366888446 2826513379 8491667839 4097613537 6625179825 
8249663458 7719501243 8404035914 0849209733 7546424744 
8817618407 0023569580 1774101776 9692507781 4893386672 
5578985645 8985105689 1960924398 8415692806 9698335224 
0225634570 4973122452 6935419383 7004843183 3571965166 
2672157552 4193401933 0990183193 0919658292 0969656247 
6676836596 4701959575 4739345514 3374137087 6151732367 
7204227385 6742791706 9820454995 3095918872 4349395240 
9444167899 8846319845 5048523936 6297207977 7452814399 
4182567894 5779571255 2426826089 9408633173 7153889626 
2889629402 1121088844 2737656862 4527612130 3710173007 
8513571540 4533041507 9594477761 4359743780 3742436646 
9732471384 1049212431 4138903579 0924160364 0631403814 
9831481905 2517209371 0396402680 8994832572 2979545640 
