4270175772 2904173234 7960736187 8788991331 8305843069 
3948259613 1871381642 3467218730 8451338772 1908697510 
4942843769 3250249816 5667381626 0615941768 2525099937 
4167288395 1744066932 5496534031 0145222531 6189009235 
3764863784 8288134420 9870048096 2271712264 0748957193 
9002918573 3074601043 6072919094 5767994614 9292904279 
8168772942 6487729952 8584346477 7538690695 0148984133 
9245403941 4468026362 5402118614 3170312511 1757764282 
9914644533 4089209769 6169909837 2652361768 7456058947 
0496817013 6974909523 0720826828 8789073019 0018253425 
8053434217 0592871393 1737993142 4108526473 9094828459 
6418093614 1384758311 3613057610 8462366837 2376959134 
9261582451 6221552134 8792441450 4175684806 4120636520 
1703863301 2953277769 9023118648 0200675569 0568229501 
6354931992 3059142463 9621702532 9747573114 0942201801 
9936803502 6495636955 8664259067 6268568737 2110339156 
7938398957 6556519317 7883000241 6135395624 3777784080 
1748819373 0950206999 0089089932 8088397430 3677365955 
2489130015 6633294077 9071396154 6453408879 1510300651 
3219344866 7324827590 7946807879 8194250195 8262232039 
