7446047746 4915995054 9737425626 9010490377 8198683593 
8146574126 8049256487 9855614537 2347867330 3904688383 
4363465537 9498641927 0563872931 7487233208 3760112302 
9911367938 6270894387 9936201629 5154133714 2489283072 
2012690147 5466847653 5761647737 9467520049 0757155527 
8196536213 2392640616 0136358155 9074220202 0318727760 
5277219005 5614842555 1879253034 3513984425 3223415762 
3361064250 6390497500 8656271095 3591946589 7514131034 
8227693062 4743536325 6916078154 7818115284 3667957061 
1086153315 0445212747 3924544945 4236828860 6134084148 
6377670096 1207151249 1404302725 3860764823 6341433462 
3518975766 4521641376 7969031495 0191085759 8442391986 
2916421939 9490723623 4646844117 3940326591 8404437805 
1333894525 7423995082 9659122850 8555821572 5031071257 
0126683024 0292952522 0118726767 5622041542 0516184163 
4847565169 9981161410 1002996078 3869092916 0302884002 
6910414079 2886215078 4245167090 8700069928 2120660418 
3718065355 6725253256 7532861291 0424877618 2582976515 
7959847035 6222629348 6003415872 2980534989 6502262917 
4878820273 4209222245 3398562647 6691490556 2842503912 
