5131252014 1099605312 6069655540 4248670549 9867869230 
2174698900 9547850725 6729787947 6988883109 3487464426 
4007181831 6033165551 1534276155 6224054744 7337804924 
6214952133 2585276988 4733626918 2649174338 9878247892 
7846891882 8054669982 3036899397 8341374758 7025805716 
3494135684 3392939606 8192061773 3317917382 0856243643 
3635359863 4944968907 8106401967 4074436583 6670715869 
2452118299 7893804077 1375012908 5864657890 5771426833 
5827689785 5471768718 4427726120 5092664861 0205153564 
2840632368 4818072879 4071712796 6820060727 5595559040 
4023317874 9447346454 7606281895 4151213916 2918444297 
6510669479 6935401686 6010055196 0776873353 9651161493 
0937570968 5545593815 1378956903 9251014953 2656281470 
1199832699 2200066392 8753747131 3523642158 9265126204 
0728877165 7835840521 9646054105 4354436421 6656224456 
5042999010 2565869272 7914275293 1172082793 9377513261 
0605288123 5373451068 3729398935 8087124386 9385934389 
1757133763 0072031976 0816604464 6839377258 0690923729 
7523486702 9169104263 6926209019 9605204121 0240776481 
9031601408 5863558427 6095370865 5816427399 5349346546 
