3145040401 9952853725 2004957805 2546562511 5410925243 
7991326262 7136090994 0290226206 2836752132 3050651839 
3405745011 2099341464 9184333236 4656937172 5914489324 
1590062420 2061288573 2926133596 8087265000 4562828455 
7574596592 1205303413 1011182750 1306961509 8355156320 
0431078460 1906565493 8065425252 2916199181 9959602752 
3277022498 5573882489 9882707465 9363557685 8256051806 
8964285376 8507720122 2034792099 3936179268 2065901421 
6561592530 6737944568 9490708532 6356819683 1861772268 
2499114726 1573203580 7646298116 2440133167 3789278868 
9229032593 3498617970 2199498192 5739617673 0758344170 
9855922217 0171825712 7775344915 0820527843 0904619460 
8352174020 0583867284 9709411023 2669539214 4546106621 
5006410674 7402070091 8991195137 6466904481 2672536915 
3716229079 1385403937 5600778351 5337416774 7942100384 
0023089518 5099454877 9039346122 2208650601 6050035177 
6264831611 1533255877 0507354127 9249909859 3734737870 
8119425305 5121436979 7499149518 6053592040 3830235716 
3527276308 7469321962 2190064260 8861836761 0334600225 
5477477813 6410126919 0656968649 5012688376 2969072339 
