6127628722 3041141813 6100602640 4403003599 6988919945 
8273976241 1461374480 4059697062 5767647237 6606554161 
8574690527 2292382282 7518679915 6983390747 6711461030 
2277660602 0061246876 4777288190 9679161335 4019881402 
7579921741 6767879923 1603963569 4928515136 3364721954 
0611171767 3873725557 2852294005 4361785176 5023075446 
9386930787 3499110352 1825329297 2604455321 0797887711 
4498988709 1151123725 0604238753 7348412570 8606406905 
2058452122 7545338480 0820530245 0456517669 5185769132 
0004281675 8054924811 7805198326 4603244579 2829730129 
1053183856 3682120621 5531288668 5649565126 1389226136 
7064093953 3345705269 8695969235 0353094224 5438652786 
7767302754 0402702246 3844835532 3991475136 3441044050 
0923303612 7149608135 5490531539 0210022995 9575658370 
5381261965 6831442860 5795669662 2154721695 6208700137 
2776853696 0840704833 3251327931 1223250714 8630206951 
2453950037 3572334680 7094656483 0892098015 3487870563 
3491092366 0575540508 6411152144 1481434630 4372732710 
4502776866 1953107858 3233348578 4029716092 5215326092 
5589326556 0067212435 9464255065 9967717703 8844539618 
