1632879614 4608177892 7217183690 8880126778 2074301064 
2252463480 7454300476 4928855534 0906218515 3654355474 
1254761527 6977266776 9772777058 3158014121 8568801170 
5028365275 5432148034 8800444297 9998062157 9045641619 
5721278450 8928489806 4264974270 9057912906 9217807298 
7694779751 1244730599 1406050629 9468942809 3103421641 
6629935614 8281309988 7074529271 6048433630 8184041264 
6963792584 3094185442 2163590845 7614607855 8562473814 
9314270782 6621518554 1603870206 8769804617 4740080832 
4343665382 3545551094 4949843109 3494759944 6726736653 
5251766270 6772194183 1919771963 7801570216 9933675083 
7600571634 5464367177 6723387588 6434056448 7156696432 
1041282595 6453498413 8841289042 0682047007 6155969168 
4303899934 8366793542 5492103281 1336318472 2592305554 
3830582069 4167562999 2013373175 4891220372 3034907268 
1068534454 0359935618 2357631283 7767640631 0131253352 
1214199461 1869350833 1765878520 4711236433 1226765129 
9641713252 1751355326 1867681942 3387903654 6890800182 
7135283584 8884441117 6123410117 9918709236 5071848578 
5622102110 4009776994 4531217950 2247957806 9506532965 
