9403839873 6990724079 7679040826 7940076187 2954783596 
3492793904 5769736616 4340535979 2219285870 5749574816 
9669406233 4272619733 5181366260 6373598257 5552496509 
8072601236 6828360592 8341855848 0269584137 7255897088 
3789942910 5498003311 1388460340 1939166122 1866960584 
9157148573 3568286149 5000190975 9112521880 0396419762 
1635593757 4371801148 0559442298 7304181968 0808564726 
5713547612 8316292004 4988031540 2105530597 0766663627 
4932830891 6880932359 2900817874 1198573831 7192616728 
8349184024 2972129043 4965526942 7264025596 4146352591 
4348400675 8676903503 8232057293 4132981593 5330444464 
9682944136 7323442158 3807616948 3121933311 9819061096 
1429522015 3617029857 5105594326 4614685054 5268497576 
4807808009 2213358113 7819774927 1768545075 5383287688 
7447459159 3731162470 6010912446 0982942484 1287520224 
4625944776 3874949199 7840446829 2573609685 3454984326 
6536862844 4893657041 1181779380 6441616531 2236002149 
1876876946 7398407517 1763075168 4985635920 1486892943 
1059402024 5796962292 4566644881 9675762943 4953532638 
2171613395 7577907663 7076456957 0259738800 4384158058 
