9433613710 6551859987 6007549241 8721171488 9295221737 
7211460811 5434498266 5479872580 0566747240 5112200738 
3459271575 7277152185 8994694811 7940644466 3994323700 
4429114074 7218180224 8258377360 1734668530 0744985564 
7154200361 2359339731 2914458591 5228874087 1950870863 
2218837288 2628228846 3184371726 1903305777 1476515641 
4382230679 1847386039 1476831081 4135827575 5853643597 
7216500282 7780371342 2869688787 3497950960 3110889919 
6143386664 0684506974 2078770028 0509367203 3872326296 
3785603865 3216432348 8155575570 1846908907 4647879122 
4363755566 6867806761 0544955017 2607911429 3083128576 
1254481944 4494732448 1909379536 9008206384 6316782250 
6480953181 0406570254 3276043857 0350592281 8919878065 
8654121842 9921727372 0955103242 2510797180 7783304260 
9086794273 4289557355 5925272380 5511440438 0012390416 
8771644518 0226491681 6419274011 0645162243 1101700056 
6911217331 8942340054 7959684669 8042980173 6257040673 
3282129962 1536848814 0410219446 3424646220 7455756439 
6045298531 3071409084 6084996537 6780379320 1899140865 
8146621753 1933766597 0114330608 6250098295 6691763884 
