6056762972 9314649114 9370462446 9351984039 5344491351 
4119366793 3301936617 6636525551 4917498230 7987072280 
8608596261 1266050428 9296966535 6525166888 8557211227 
6802772743 7089173896 3977225756 4890533401 0388559311 
2567999151 6589025016 4869614272 0700591605 6166159702 
4519890518 3296927893 5550303934 6812197615 8218398048 
3960562523 0914626384 4738629603 9848924386 1872985077 
7592879272 2068554807 2104978176 5328621018 7476766897 
2488411395 6034948037 6727036316 9210073508 3407386526 
1684507482 4964485974 2813493648 0372426116 7042668708 
3192504099 7615319076 8557703274 2178501000 6441984124 
2073964001 3960360158 3810565928 4136845741 1910273642 
0274163723 4882145241 0134771652 9603128408 6584197879 
5111651152 9827814620 3791398550 0639996032 6591248525 
3084936903 1313010079 9977191362 2308660110 9992914287 
1249388541 6120380204 1134018888 7219693477 9044975274 
5428807280 3509305828 7544207551 3481666092 7879353566 
5212556201 3998824962 8478726214 4323628536 7650259145 
0468377635 2825876521 3915648097 2141929675 5493843755 
8260025316 8536356731 3792624758 7804944594 4183429172 
