7569883762 2626184636 5452743497 6624111384 5130548144 
9836311789 7844897320 7671950878 4158618879 6929558197 
3325069995 1402601511 6755297505 7543781024 2238957925 
7865621284 3273120220 0716730574 0692868693 6393018676 
5958251326 4991459502 6091706934 7519408975 3574640168 
3081179884 6452473618 9560564794 2635807056 2563281189 
2696630264 7953595109 7127659136 2331808669 2153578860 
7812759910 5371714022 0450618607 5374866306 3505914839 
1646765672 3205714516 8861707909 8469593223 6724946737 
5830996070 4258922048 1550799132 7520885837 8111768521 
4269334786 9218952406 2265792104 3620348852 9262679840 
1395321645 8791151579 0504605797 1083898337 1864038024 
4175113472 2647254701 0794793996 9535546696 1972676325 
5229914654 9334996632 3418595145 0360980344 0922122067 
1256769872 3427940708 8570704742 9317332918 8523896721 
9713539244 9242617864 1188637790 9628144869 1786946817 
7591717150 6691114800 2075943201 2061969637 7951032270 
8902956608 5562225452 6026104607 3613136886 9009281721 
0681986185 5378098201 8471154163 6303262656 9928342415 
5023600978 0464171085 2553761272 8905335045 5061356841 
