4377585442 9677977014 6602943876 8722511536 3801191758 
1540281208 1825560648 5410787933 5989210644 2724489861 
8961629413 4180012951 3068363860 9294100083 1366733721 
5300835269 6235737175 3307386533 3820484219 0308186449 
1840937239 4403340524 4909554558 0164064607 6158101030 
1767488475 0176619086 9294609876 9201691202 1816882910 
4087070956 0951470416 9211470274 1339005225 3340834812 
8703530310 2391969997 8597413908 5936054335 9969707560 
4460134242 4536824960 9877258131 1024732798 5620721265 
7249900346 8293886872 3048955622 5320446360 2639854225 
2584164643 2427161141 9817802482 5955635449 0721922658 
3863662663 7508359443 1487763515 6145710745 5280161596 
7704844271 4194435183 2756984075 5267792641 1261765250 
6159652354 5718795667 3170913319 3587616282 5592078308 
0185206890 1515047133 4038610031 0055914817 8521103847 
5454293338 9188444120 5179439699 7019411269 5119526564 
9195941899 7541839323 4647424290 7027188752 2353439367 
3633663200 3072327470 3740712398 2562024662 6519740901 
9976245205 6198557625 7600087081 7308328834 4381831070 
0545144935 4588542267 8578551915 3722923795 5549433341 
