0174420169 6000906964 1561273229 7770221217 9518683763 
5908225512 8816470021 9923488640 4395915301 8464004714 
3211863606 2252701154 1122283802 7785389110 9849020134 
2741014121 5597699654 3887719748 5376431158 2298385331 
2307175113 2961904559 0079380642 7669581901 4842627991 
2217929479 8734890186 8471676503 8273285520 5908298452 
9806259250 3521284519 2592798659 3506132961 9467962523 
7397256558 4157853744 5675589980 3240549218 6962888490 
3325608514 5534439166 0226257775 5129162007 7279685262 
9387937530 4541810807 2928589198 9715381797 3434961872 
3292761474 7850192611 4504132748 7324297058 3408471112 
3337462746 1727462658 2415324271 0593225062 5530231473 
8759251724 7873228814 9145591560 5036334575 4242337791 
6037495250 2493022351 4819613811 6256391141 5610326844 
9580725082 7343176594 4054098269 7652693445 7986347970 
9743124498 2719331138 6387315963 6361218623 4972614095 
5607992062 8316999420 0720548115 2535339394 6076850019 
9098865538 6143349578 1650089961 6490796781 4290114838 
7645682174 9140756237 6761845377 5144031475 4112067601 
6072646055 6859257799 3220703373 3339891636 9504346690 
