7577102840 2799806636 5825488926 4880254566 1017296702 
6640765590 4290994568 1506526530 5371829412 7033693137 
8517860904 0708667114 9655834343 4769338578 1711386455 
8736781230 1458768712 6603489139 0956200993 9361031029 
1616152881 3843790990 4231747336 3948045759 3149314052 
9763475748 1193567091 1013775172 1008031559 0248530906 
6920376719 2203322909 4334676851 4221447737 9393751703 
4436619910 4033751117 3547191855 0464490263 6551281622 
8824462575 9163330391 0722538374 2182140883 5086573917 
7150968288 7478265699 5995744906 6175834413 7522397096 
8340800535 5984917541 7381883999 4469748676 2655165827 
6584835884 5314277568 7900290951 7028352971 6344562129 
6404352311 7600665101 2412006597 5585127617 8583829204 
1974844236 0800719304 5761893234 9229279650 1987518721 
2726750798 1255470958 9045563579 2122103334 6697499235 
6302549478 0249011419 5212382815 3091140790 7386025152 
2742995818 0724716259 1668545133 3123948049 4707911915 
3267343028 2441860414 2636395480 0044800267 0496248201 
7928964766 9758318327 1314251702 9692348896 2766844032 
3260927524 9603579964 6925650493 6818360900 3238092934 
