6948284366 2998003741 4527627716 5476238255 4617088318 
9810868806 8478537055 3648046935 0958818025 3605297407 
9353867651 1195079373 2820831462 6896007107 5175520614 
4337841145 4995013643 2446328193 3463890509 3654571450 
6900864483 4401804283 6339051357 8157273973 3345372842 
6337217406 5775771079 8305175557 2103679597 6901889958 
4941301959 9957301790 1240193908 6813565855 3966194137 
1794487632 0798688003 7160730322 0547423572 2668968018 
8212342439 1885984168 9722776521 9403249322 7314793669 
2340048489 7605903795 8094696041 7542796137 8255378122 
3947646147 8329269765 4516229028 1701100437 8460387565 
4415173943 3960048915 3188175766 5050095169 7402415644 
7712936566 1425394936 8884230517 4001299205 5685428985 
3897942669 9567770270 8914651373 6892206104 4154816621 
5680421983 8476730871 7875902792 0917590069 5273456682 
0265133731 1151800018 1434120962 6016586298 2107666352 
3361774007 8377834237 0915264406 3054071807 8433580610 
7296110555 0020415131 6963730468 4921335683 7265400307 
5098290893 6461204789 1114753037 0498939528 3345782408 
2817386441 3227100029 6831194020 3323456420 8264732762 
