3383029463 9378998375 8365545599 1934086623 5090967961 
1340048670 2712317652 6663710778 7251118603 5403755448 
7418693519 7336566217 7235922939 6776463251 5620234875 
7011379571 2096237723 4313702120 3100496515 2111976013 
1764194082 0343734851 2852602913 3349151250 8311980285 
0177855710 7253731491 3921570910 5130965059 8859999315 
6086365547 7403551898 1667335358 8004821466 5099741433 
7611827777 2335191074 1217572841 5925808725 9131507460 
6025634903 7772633739 1446137703 8021318347 4473011130 
3267029691 7335047701 6321066162 2783002726 9283365584 
0117914194 4780874825 3360714403 2962522857 7500980859 
9609040936 3126356213 2816207145 3406104224 1120830100 
0858726425 2112262480 1426475194 2618432585 3386753874 
0547434910 7271004975 4281159466 0171361225 9044015899 
1600229827 8017960351 9408004651 3534752698 7776095278 
3998436808 6908989197 8396935321 7998013913 5442552717 
9102253970 1081063214 3048511378 2914985113 8196914304 
3497500189 9806816444 1212327332 8307192824 3624067331 
9655469267 7851193152 7751134464 6890550424 8113361434 
9846048490 5125834568 3266441528 4897139723 7604032821 
