2660253516 6939140820 4994732048 6021627759 7917712347 
5109750240 3078935759 9377150950 2175169355 5827072533 
9118923340 7022383207 7585802137 1747783787 7839101523 
4132098489 4234596136 9234049799 8279304144 4631627072 
1479611745 6975719681 2392919137 4098292580 5561955207 
4342432959 8289898052 9233366415 4192563673 8068949420 
1471241340 5250722040 6179435525 2555225008 7487900865 
6831454283 5167750542 2948032747 8304405643 8581591952 
6667582829 2970522612 7628711040 1348017872 2480178968 
4052407924 3605827424 6744307672 1645270313 4513541676 
4966890127 4786801010 2951338626 9864974821 2118629040 
3376915685 7624069929 6372493097 2016287072 0018983542 
3690364149 2702369619 3854737248 0329855045 1120891928 
7982987446 7864129159 4175316756 0253343531 0626745254 
5071141814 8323988060 7297140234 7255207134 9079839898 
2355268723 9509093656 6787899238 3712578976 2487559904 
4322889538 8377317348 9411227570 7141095979 0047919301 
0467407504 1143538178 2464630795 9895556389 9188477378 
1341347070 2467473621 1204898622 6991888517 4562517325 
1934135203 8115863350 1239130544 4191007362 8447567514 
