1610504109 7350585276 2044489190 9789019843 1548528053 
3985777844 3139338839 9431044446 5669244550 8859463140 
8175122033 1390681596 5925105468 5801313383 8152176418 
2104334297 8882611963 0443111388 7962587460 9022613090 
0849975430 3957712432 3061690626 2919403921 4397402708 
9477766370 2488155499 3224588259 7902063125 7436910946 
3932528062 4164247686 8495455324 9380176393 7161563684 
7859823715 9023854212 6584061536 7228607131 7026747401 
3114526106 3765383390 3159219434 6981760535 8380310612 
8878520515 4693363924 1088467632 0095670897 1836749057 
8163085158 1381619668 8222204757 0437590614 3380407258 
5386208356 5176998426 7745231958 2418268369 8270160237 
4149383634 9662935157 6854061397 3427464708 9968561817 
0160551104 8809715548 5911861718 9668025973 5417054239 
8513556001 8720335079 0609464212 7114399319 6046527424 
0508822253 5977348151 9135438571 2532585404 9394601086 
5793798058 6201433660 7882521971 7809025817 3708709164 
6045272797 7153509910 3407364250 2038638671 8220522879 
6944583876 5294795104 8660717390 2293274554 2678566977 
6865939923 4168341222 7466301506 2155320502 6553414609 
