9524935605 0854921756 5491348309 5890653617 5693817637 
4736441833 7897422970 0703545206 6631709296 0759198962 
7732423090 2523974438 6101426309 8687733913 8825186843 
1650102796 4911497737 5828889134 5034114886 5948670215 
4921010843 2808078342 8089417298 0089832975 3694064496 
9903125399 8639195816 0146899522 0880662285 4084148642 
7478628197 5546629278 8146216071 7138188018 0840572084 
7158689068 3691939338 1864278454 5379567192 7239797236 
4651667592 0110579956 6396259853 5512763558 7681402134 
0982901629 6873429850 7924718460 5687482833 1381259161 
9624761569 0287590107 2733103299 1406238646 0833337863 
8257926302 3915900035 5760903247 7281338887 3391780969 
6660146961 5031754226 7511259933 1552967421 3336300222 
9649064809 3458200818 1061802100 2276645804 0027821333 
6758573019 0113717546 7276305904 4353131319 0360924890 
9724642792 8455549913 4900051802 9570708291 9052556781 
8899138996 2513866231 9380053611 3462242946 1024895407 
2404857123 2566288889 3172211643 2947816190 5548680549 
4344103409 0680716088 0282279596 8695013364 3814268252 
1704728708 6301013730 1155236861 4169083756 7574763723 
