9763185757 0381094433 9056456446 8524183028 1481079983 
7691851212 7201935044 0418046047 2162693944 5788377090 
1059746932 1972055811 4078775989 7720720096 8938224930 
3236830515 8626572811 1463799698 3137517937 6232151112 
5234973430 5240622105 2442343537 3290565516 3406669506 
1658928782 1870775679 4176080712 9737813351 8711793165 
0033155523 8224877306 5344417945 3415395202 4244497034 
1012087407 2188109388 2681675120 4229940494 8179449472 
7328947701 1157413944 1228455521 8284249222 4065875268 
9172272780 6071167540 4697300803 7039618787 7966948825 
5561467438 4392570115 8295466613 5867867189 7661297311 
2672000729 7155361302 7503556167 8177654422 8744211472 
9881614802 7052438068 1765357327 5578602505 8470840132 
0883793281 6008769081 3004924914 7368251703 5382219619 
0390149995 2349538710 5997351143 4782923394 9918793660 
8692301375 5963685323 7380670359 1144243268 5615121094 
0425958263 9301678017 1286692392 8323105765 8851714020 
2111969570 6479981403 1505633045 1415644146 2316376380 
9904402816 2569175764 8914256971 4163598439 3174332702 
3781233693 8043012892 6263753826 6779503416 9334323607 
