5002481757 4180875038 8475094939 4548962097 4048544263 
5637164995 9499209808 8429479036 3666297526 0032438563 
5294584472 8944547166 2092974954 9661687741 4120882130 
4770228161 1645604400 7236351581 1497297392 1896673738 
2647204722 6422212420 1656015028 4971306332 7958143025 
1601369482 5567014780 9357908896 5713492615 8161346901 
8069650895 5631012121 8491805847 9227206918 7169631633 
0044858020 1028606578 5859126997 4637661741 4639341595 
6953955420 3314628026 5189511679 3807457331 5759846086 
1737026878 6760294367 7780500244 6733913324 3166988035 
4073232388 2818475010 5164133118 9537036488 4226902704 
7805274249 0603492082 9547550540 0345716018 4072574536 
9381455311 7535421072 6557835615 4998744474 8042732345 
7880061873 1493415660 4635297977 9455075359 3047956872 
0931672453 6547208381 6858556060 4380197703 0764246083 
4898761013 4570939487 7002946175 7920619525 4925575710 
9038525171 4885252656 7104534981 3419803390 6415298763 
4369542025 6080277614 4219143189 2139390883 4543131769 
6851018401 0384447234 8948869520 9819435319 0650655535 
4617335814 0455448378 8475252625 3949665869 9920584176 
