5278012534 1033896469 8186424300 3414679138 0619028059 
6078548880 1078970551 6946215228 7730901044 6746249797 
9992627120 9516847795 6848258334 1402266477 2108433624 
3759374161 0536734041 9547389641 9789542533 5036301861 
4009515347 6696147625 5651873823 2924685473 5693580289 
6011536791 7873035531 5937836308 2248615177 7705415775 
7656175935 8512016692 9431111388 6358215966 7618830326 
1041646517 1484697938 5422621687 1614001223 7821377977 
4131268977 2667129920 2592201740 8770076956 2834739322 
0108815935 6286281928 5635718933 8495885060 3853158179 
7606794798 4087836097 5960149733 4205727046 0352179060 
5647603285 5692762734 9518220323 6144112584 1824262477 
1201203577 6388895974 3182328278 7131460805 3533574494 
2976217967 8903456816 9889553518 5044783256 1638070947 
6951699086 2471000197 4880920500 9521943632 3787197648 
7033922381 1540363475 4886268459 5615975519 3765410115 
0140670012 2692747439 3888589943 8597302454 1480106123 
5908036274 5852884935 6325158538 4383242493 2526660875 
8890831870 0709100237 3771065769 8505643392 8854337658 
3425967506 5371500533 3514489908 2938877373 5205145933 
