3049626531 4151413861 2443793588 5070944688 0454869753 
5817021290 8490787347 8068143663 2332281941 5827345671 
3564431715 3796781805 8195852464 8400840329 0998194378 
1718177302 3170039897 3305049538 7356116261 0239994332 
5978012689 3432605584 7102787649 0107092344 3884634011 
7355568659 0358524491 9370181041 6262085042 9925869743 
5817098133 8940459344 7193749387 7624232409 8528327622 
6660494238 5129709453 2455862521 0360082928 6649724174 
9191419889 6612955807 6770979594 7953060131 1915901177 
3943104209 0490794244 4886851308 6844493705 9090260061 
2064942574 4710353547 6578592427 0813041061 8546219881 
8300906345 8818703875 5856274911 5873754210 6466795134 
6487586771 5438380185 2134828191 5812462599 3351601989 
3559516796 8932852205 8247994210 3451271587 7163345222 
9954188396 8044883552 9753361286 8372259353 9007920166 
6941339091 1687588039 8882886921 6002373257 3615882071 
6351627133 2810518187 6021048521 8067552664 8673908900 
9071951380 5862673512 4312215691 6379022773 2870541084 
2037841525 6832887180 4698795251 3073266340 2785190594 
1733892035 8540395677 0356113293 5448258562 8287610610 
