6982297214 2096199350 9331312171 1878910787 6687204454 
8876089410 1747986471 3788246215 3955933333 2755620094 
3958043453 7919782280 5903959599 2743691379 3778664940 
9640487778 4174833643 2684026282 9324062600 8190808180 
4390914556 3519368560 6304508914 2289645219 9877988493 
4747772913 2797266027 6584016678 9013649050 8741142126 
8619698620 4412696528 2981087045 4798615595 4533802120 
1155646979 9767857389 2018624359 9326777689 4540605082 
1883822790 9833627167 1244900267 6117849826 4377033002 
0818445900 0971723520 4331994708 2420987715 1444975101 
7055643029 5428218196 7000920251 5615844174 2059336581 
4813490269 3111517093 8722600264 5863056132 5605792560 
9273322655 7934628080 5683443921 3736884056 5043430739 
6574061017 7793701414 2461549307 0741360805 4421002956 
0009566358 8977899267 6305177187 8194370676 1498217564 
1865901161 6086540863 5391513039 2013168057 6903417259 
6453692350 8064174465 6235152392 9050409479 9531840748 
6215121056 1833854566 1766526063 9371365880 2521666223 
5761322019 4170137266 4966073252 0107719479 3126528276 
3302413805 1649071745 6596485374 8354669194 5235803153 
