5958897069 5365349406 0340216654 4375589004 5632882250 
5452556405 6448246515 1875471196 2184439658 2533754388 
5690941130 3150952617 9378002974 1207665147 9394259029 
8969594699 5565761218 6561967337 8623625612 5216320862 
8692221032 7488921865 4364802296 7807057656 1514463204 
6927906821 2073883778 1423356282 3608963208 0682224680 
1224826117 7185896381 4091839036 7367222088 8321513755 
6003727983 9400415297 0028783076 6709444745 6013455641 
7254370906 9793961225 7142989467 1543578468 7886144458 
1231459357 1984922528 4716050492 2124247014 1214780573 
4551050080 1908699603 3027634787 0810817545 0119307141 
2233908663 9383395294 2578690507 6431006383 5198343893 
4159613185 4347546495 5697810382 9309716465 1438407007 
0736041123 7359984345 2251610507 0270562352 6601276484 
8308407611 8301305279 3205427462 8654036036 7453286510 
5706587488 2256981579 3678976697 4220575059 6834408697 
3502014102 0672358502 0072452256 3265134105 5924019027 
4216248439 1403599895 3539459094 4070469120 9140938700 
1264560016 2374288021 0927645793 1065792295 5249887275 
8461012648 3699989225 6959688159 2056001016 5525637567 
