0196916048 0994606814 9040378198 2973236093 0087135760 
7986214254 2209641900 4367905479 0499300783 7242158195 
4535418371 1293686584 3055384271 7628035279 1288211293 
0835157565 6599944741 7884383815 6514843422 9858704245 
5924346932 9523282180 3508333726 2837918302 1659183618 
1554217157 4484657784 2013432998 2594566884 5582661719 
7901218084 9480332448 7872581837 7480552226 8151011371 
7453684178 7028027445 2442905474 5182346749 1956418855 
1244421337 7835214238 6597992598 8203287085 1093383868 
2990657199 4614906290 2574276860 3885051103 2638544540 
4191849588 6653854504 0571323629 6810691468 1484786965 
9166861842 7567984600 4186876229 8055562963 0459532279 
2305161672 1591968675 8495236352 9893578850 7746081537 
3214546429 8479231051 1676357749 4946229525 6949766035 
9473962430 9953433104 0499420967 7883827002 7144784940 
6903707324 9106444151 6960532565 6058677875 7417472110 
8274357743 1519406075 7983563629 1433263978 1221894628 
7447798119 8072256467 1466405485 0131009656 7863148800 
9030374933 8875364183 1651349825 4669467331 6118123364 
8543976493 2502617954 9357204305 4021829748 7125110740 
