4011611405 8999110930 6249231281 3116340549 2625713567 
2181862893 2786138833 7180285350 5650359195 2741400869 
5109261675 4147679266 8032109237 4670872136 0627833292 
2386413619 5941213392 7803611827 6324106004 7409711110 
4814000362 3342714514 4833346416 7546635469 9731494756 
6434236594 9349684588 4551524150 7563766050 8663282742 
4794136062 8760412906 4491382851 9456402643 1532258586 
2404314183 8669590633 2450630003 9221319264 7625962691 
5109044576 9530144405 4618037857 5030366862 1246227863 
9752746667 8701210033 9298487337 5014475600 3221006223 
5802934377 4955032037 0127384681 6306102657 0300872275 
4629667968 8089058712 7676361066 2257223522 2973920644 
3093524327 2281008599 7309513252 8630601105 4979156447 
9184500461 8046762408 9289256809 1293059296 0642357021 
0615246462 0502324896 6593987324 9339673769 5202399176 
0898474571 8435319366 4652912584 8064480196 5201628387 
9518949933 6759241485 6261369959 4530728725 4532463291 
5291101287 6377060557 0609531377 5277518679 2329213495 
5245133089 8679691651 2907384130 2167573238 6375758200 
8036357572 8002754490 3279530799 0079944254 1108725693 
