1880146679 3559583467 6432868876 9666100973 9574996783 
6593397846 3469599489 5061049038 3647409504 6952260638 
5804675807 3069912290 4740898791 6687211714 7527644711 
6044019527 1816950828 9733537148 5309289370 4638442089 
3299771125 8568408466 0833993404 5689026787 5160087754 
6126798801 5465856522 0612109534 9079670736 5539702576 
1994313766 3996060606 1106406959 3308281718 7642604357 
3425361756 9437848484 9525010826 6488395159 7004905983 
8081210522 1111091943 3239511360 5144645983 4210799058 
0820937164 6452312770 4023160072 1385437234 6126726099 
7870385657 0919985075 9563461324 8460188409 8501942876 
8790226873 4556500519 1215465440 6382925385 1276317663 
9220509383 4520430077 3017029940 3626154340 0132276391 
0912988327 8639204123 0044555168 4054889809 0807791746 
3609243933 4912641164 2400938807 4635660726 2336695842 
7645836982 6873481588 1961058571 8357674620 0965052606 
5929263548 2914990457 6830721089 3245857073 7016607173 
9819448502 8842603963 6607460311 8478622583 1056580870 
8703055675 9586134170 0745402965 6876347741 7643105175 
1036732869 2455585820 8237203860 1781739405 1751304379 
