9486882232 0044378043 1031709210 3426167499 8000073016 
0948145863 7448877852 2273076330 4953839443 4538277060 
8760763542 0984450083 0624763025 3572781032 7834617669 
7054428715 5315340016 4970766571 9598504174 8199087201 
4908756860 3778359199 4719343352 7729472855 3792578768 
4832301101 8593658007 1729118696 7617655053 7750302930 
3383070644 8912811412 0255061508 9641100762 3824574488 
6551825810 5814034532 0124754723 2690875475 0707857765 
9732542844 4593530449 9207001453 8748948226 5564422236 
9636554419 4225441338 2122254774 9753549462 4827680533 
3369832841 5613869236 3443358553 8684711114 3049824839 
8991803165 4586382893 5379913053 5222833430 1379533729 
5401625762 3228081138 4994918761 4414132293 3767106563 
4925288145 2823950620 9022357876 6846501166 6009738275 
3660405446 9416534222 3905210831 4585847035 5293522199 
2827276057 4821266065 2913855303 4554974455 1470344939 
4868634294 5965843102 4190785923 6802245607 6393678416 
6270518555 1787029040 7355730462 0639692453 3077957822 
4594971042 0188043000 1838814290 0817303945 0507342787 
0131244668 6009277858 1811040911 5117293748 7362788787 
