4907465285 5654347488 8683106411 0051023020 8751077689 
1878152562 2735251550 3795324448 5778727761 7001964853 
7035551676 5520911933 9343762866 2846198440 2629525218 
3678522367 4751088097 8150709897 8413086245 8815226609 
6355140187 4495836926 9177990471 2072649490 5737264286 
0052114035 8123107600 6699518536 1248627467 5637589622 
5299116496 0668765082 6173417848 4789337295 0567390078 
7861792535 1440621045 3662506404 6372881569 8232317500 
5962610809 2195521115 0859302955 6549675388 6261297233 
9914628358 4760486276 2702730973 9202001432 2487075823 
3735491524 6085608210 3288829741 8390647886 9923273691 
3600488374 3661522351 7058437705 5452108155 1336126214 
2911815615 3017588825 7359489250 7108879262 1286413924 
4330938379 7333867806 1317952373 1526677382 0858024701 
4335270092 4380326695 1742119507 6708843263 4644274912 
7558907746 8635821621 6604274131 5170212458 5860562336 
3149316464 6913946562 4974717419 5835421860 7748711057 
3384584336 8993964591 3740603382 1593522435 9475162623 
9188685307 8228217639 8323730618 0204246560 4775279431 
0479618972 4299533029 7924974816 8405289379 1044947004 
