5908649918 7272734541 3508101983 8818646736 0939257193 
0511968645 6018557824 5021823106 5889437986 5224320506 
7737996619 6955472440 5859224179 5300682045 1795370043 
4724517628 9356677050 8490213107 7366257516 9733552746 
2302943031 2035962609 5342357439 7249659211 0106578178 
2610874531 8874803187 4308235736 9919515634 0957162700 
9924449297 4910548985 1519658664 7401482251 0633536794 
9737142510 2293418825 8511737199 4499115097 5837461301 
0550506419 7721531929 3548753711 9163026203 0328588658 
5284801935 0922587577 5597425276 5840117213 4232364808 
4027143356 3675420463 7518255252 4944329657 0438613878 
6590196573 8802868401 8940876728 1671413703 3661732650 
1205786539 1578070308 8714261519 0750014925 7611292767 
5193096728 4539711602 1360630309 0542243966 3206743235 
8279788933 2324405779 1992784846 3333977773 7655901870 
5748068286 7834796562 4146102899 5084873996 9297075043 
2753029972 8722973279 3444298864 6412725348 1606037797 
0729829917 3029296308 6958019963 1241330493 9350493325 
4123550710 5446118259 1141116454 5347103298 8104784406 
7780138077 1314654000 9938630648 1266614330 8582068113 
