9583831916 9545558259 4268957698 4142889374 3467084107 
9463189325 3910696395 5780706021 2459748982 9356461356 
0788983472 4199794785 6436204209 4613412387 6131988653 
5235831299 6862268948 6084084566 5560687695 4501274486 
6314050547 3535174687 3009806322 7804689122 4682146080 
6727627708 4024022661 5548502400 8952891657 1176174390 
2033758487 7842911289 6232470591 9187469104 2005848326 
1406773337 5102719565 3994697162 5172483122 3063391932 
8707983800 7484857265 1612343493 3273356664 4733585564 
3023528088 3924348278 7608861649 4328939916 6399210488 
3078477770 4804572849 1456303353 2650700295 8890626591 
5498509407 9727675671 2979501009 8229476228 9618915914 
4152003228 3878773485 1309790810 1912926722 7103778898 
0539641563 6236416915 4985768408 3984688616 8437540706 
5121039062 5061281076 6379904790 8879674778 0697384731 
7047525344 2156390387 2012388063 2368803701 7949308954 
9007763315 2306354837 4256816653 3616066419 8003018828 
7123767481 8983302468 3637148830 9259283375 9022789425 
8806008728 6038859168 8497306939 4802051122 1766359138 
2515242786 7009440694 2355120201 5683777788 5182467002 
