5651708509 2496237477 2681369428 4350062938 8144299879 
0530105621 7375459182 6799732177 3502936892 8065210025 
3962688074 9809264345 8011655715 8867004435 0397650532 
3478287327 3688408635 4000274067 6783821963 5222265392 
9093980736 7391364082 8987220177 7674716811 8195856133 
7215831190 5468293608 3236976113 4502817578 3020293484 
5982925000 8956826302 7126329586 6292147653 1422333517 
9309338795 1357095346 3771836840 9244442209 6319331295 
6203055755 1734006797 3740614162 1079236334 2380564685 
0092037167 1526425563 7185388957 1416419772 3874226105 
9666739699 7173168169 4154350952 8319355641 7705668622 
2152179911 5135563970 7143312893 6575538446 4832620120 
6424338016 9558626985 6102246064 6069330793 8478588143 
6740700059 9769703649 0192733288 2613532936 3112403650 
6986521606 3898725026 7238087403 3967443978 3025829689 
4256896741 8643361349 7947524552 6291426522 8424192430 
8338810358 0053787023 9995421721 1368655027 5341362211 
6931406946 6951318692 8102574795 9856051450 0502171591 
3317751609 9578655519 8188619321 1282110709 4422872404 
4248115340 6055895958 3558152320 1218460582 0563592699 
