3034788511 3206862662 7588771446 0359966561 0843072569 
6500563064 4891875994 6659677284 7171539573 6121081808 
4154727314 2661748933 1341746326 6235422207 2600146012 
7012069346 3952056444 5543291662 9866607830 8906811879 
0090815295 0636267820 7561438881 5781351134 6953663038 
7841209234 6942868730 8393204323 3387277549 6805210302 
8215443247 2338884521 5343727250 1285897476 9146080831 
4404125868 1815400491 8777228786 9801853454 5370065266 
5564917091 5429522756 7092222174 7411206272 0656622989 
8060328916 7206874365 4948246108 6973672255 4740481288 
9242471854 3236057534 1167285075 7552057131 1566979545 
8488739874 2228135887 9858407831 3506054829 0551482785 
2948911219 0538319562 4228719484 7594078593 9804790109 
4194070671 7644390327 3071213588 7385049993 6388382055 
0168340277 7496070276 8448802819 1222063688 8636811043 
5695293006 5219552826 1526991271 6372773884 1899328713 
0563464688 2273982887 6319864570 9836308917 7864870866 
7618548568 0047672552 6754147428 5102814580 7403152992 
1978145577 5684368111 0185317498 1670164266 4788409026 
2682824448 2580275320 9454991510 4518517716 5463118049 
