0456798571 3257528117 9136562781 5811128881 6562285876 
0308759749 6384943527 5676612168 9592614850 3078536204 
5274507752 9506310124 8034180458 4059432926 0798544356 
2009370809 1821523920 3717906781 2199228049 6069738238 
7433126267 3030679594 3960954957 1895772179 1559730058 
8693646845 5766760924 5090608820 2212235719 2545367151 
9183487258 7423919410 8904441159 5993276004 4506556206 
4611646556 6548759424 7369252336 9559930303 5509581762 
6176231849 5619064948 3967300203 7763874369 3439998294 
3020914707 3618947932 6927624451 8656023955 9053705128 
9781634554 2332011497 5994896278 4243274837 8803270141 
8676952621 1809750064 0514975588 9650293004 8676052080 
1049153788 5413909424 5316917199 8762894127 7221129464 
5682948602 8149318156 0249677887 9498137772 1622935943 
7811004448 0607976724 2927624951 0784153446 4291508427 
6452000204 2769470698 0417758322 0909702029 1657347251 
5829046309 1035903784 2977572651 7208772447 4095226716 
6306005469 7163879431 7119687348 4688738186 6567512792 
9857501636 3411314627 5304990191 3564682380 4329970695 
7701507893 3772865803 5712790913 7674208056 5549362464 
